512037.541871345252730
442285.350198285421357
439001.788331021962222
439001.761050336062908
439001.651877489639446
439000.671947208349593
438967.165327857015654
438962.660734608070925
438962.087132518470753
438947.073542540892959
438064.178486633696593
437715.374562249344308
437715.374540036777034
437715.358886597503442
437715.374474325275514
437715.374422766093630
437715.343095649615861
437715.311716795666143
437715.311461424978916
437715.123278708197176
437714.416568105632905
437652.915699557750486
437133.473978665948380
437133.458348525571637
437133.458343183738180
437133.458337917923927
437133.473957793379668
437133.458327818429098
437133.458322979160585
437133.442693259101361
437133.473938641371205
437133.458309108158574
437133.458304642525036
437133.458300227532163
437133.473920842981897
437133.458291470655240
437133.473912091809325
437133.458282683510333
437133.458278220612556
437133.473898679018021
437133.489519027119968
437133.489514230808709
437133.473884248000104
437133.458254030789249
437133.473873524577357
437133.489492651307955
437133.473861327627674
437133.458229440264404
437133.458221839857288
437133.473838339035865
437133.458203674759716
437133.458192491554655
437133.458179279463366
437133.458163299714215
437133.442518415686209
437133.426867813221179
437133.426833420176990
437133.426784603274427
437133.411085022962652
437133.426583342079539
437133.332579499168787
437133.253771715390030
437132.515807363495696
437072.080224006611388
436534.449325999594294
436534.449324518092908
436534.449323019303847
436534.449321538675576
436534.449320085463114
436534.433693660481367
436534.433692262042314
436534.433690889796708
436534.449314543628134
436534.449313219753094
436534.464936918637250
436534.433685637952294
436534.433684377232566
436534.449308134731837
436534.449306910042651
436534.449305700894911
436534.449304507346824
436534.449303327361122
436534.449302160064690
436534.449301003769506
436534.449299858708400
436534.449298723251559
436534.418047596816905
436534.418046478764154
436534.449295368336607
436534.433669263846241
436534.433668163954280
436534.433667068369687
436534.433665976510383
436534.433664887154009
436534.433663799427450
436534.433662712050136
436534.433661623799708
436534.433660534676164
436534.433659443922807
436534.433658349502366
436534.433657251240220
436534.418031148321461
436534.433655039814766
436534.433653924148530
436534.418027800624259
436534.418026667786762
436534.418025524064433
436534.433649368758779
436534.433648200763855
436534.433647019905038
436534.433645823621191
436534.449269610922784
436534.449268379597925
436534.433642128831707
436534.433640856761485
436534.433639561175369
436534.433638241956942
436534.433636895613745
436534.449260522145778
436534.449259118060581
436534.449257679982111
436534.449256207561120
436534.433629697537981
436534.433628145721741
436534.418001550831832
436534.417999909725040
436534.417998217511922
436534.417996471223887
436534.417994667775929
436534.402367801056243
436534.402365868154448
436534.402363864006475
436534.402361780987121
436534.402359614381567
436534.402357357437722
436534.402355001191609
436534.417977539007552
436534.417974960175343
436534.417972255963832
436534.402344416477717
436534.402341426757630
436534.402338275336660
436534.417959945742041
436534.433581418008544
436534.433577672985848
436534.386698690475896
436534.386694442713633
436534.433564899081830
436534.449185027275234
436534.417929786373861
436534.417924134177156
436534.417918015038595
436534.433536364347674
436534.433529107947834
436534.417896159866359
436534.417887412360869
436534.417877732426859
436534.402241961332038
436534.417854906409048
436534.417841318063438
436534.417825889657252
436534.433433211641386
436534.433412761718500
436534.433388840639964
436534.417735500086565
436534.402076416648924
436534.386409696307965
436534.417607524665073
436534.417540559195913
436534.433076753688511
436534.417328955547418
436534.448399483691901
436534.385616077925079
436534.353864387492649
436534.259045819751918
436534.115199655876495
436532.763862305087969
436321.351685891277157
436296.449345740606077
436296.449345618253574
436296.449345498636831
436296.449345380766317
436296.449345263710711
436296.449345147702843
436296.449345032626297
436296.449344918772113
436296.449344805907458
436296.449344693799503
436296.449344582681078
436296.464969472610392
436296.464969363412820
436296.464969254564494
436296.464969147113152
436296.464969040942378
436296.464968935702927
436296.464968830987345
436296.464968726970255
436296.464968623709865
436296.464968520973343
436296.464968419051729
436296.464968318003230
436296.464968217886053
436296.464968118409161
436296.464968019514345
436296.464967920910567
436296.464967822888866
436296.464967726264149
436296.464967630105093
436296.464967534528114
436296.464967439766042
436296.464967345120385
436296.464967250765767
436296.464967157458887
436296.464967064908706
436296.464966972591355
436296.464966880856082
436296.464966789644677
436296.464966698549688
436296.464966608094983
436296.464966518396977
436296.464966428931803
436296.464966339583043
436296.464966250990983
436296.464966162457131
436296.464966074097902
436296.464965986437164
436296.464965898892842
436296.464965811988804
436296.464965725201182
436296.464965638413560
436296.464965552033391
436296.464965466409922
436296.464965380553622
436296.480590295046568
436296.480590209888760
436296.480590124672744
436296.480590039922390
436296.480589955172036
436296.480589870654512
436296.480589786311612
436296.480589701561257
436296.480589617160149
436296.480589532584418
436296.480589448241517
436296.480589364306070
436296.480589280137792
436296.480589195969515
436296.480589111277368
436296.480589027050883
436296.480588942416944
436296.480588857666589
436296.464963772566989
436296.464963687409181
436296.464963602251373
436296.464963517209981
436296.464963431470096
436296.464963345613796
436296.464963259059004
436296.464963172911666
436296.464963086356875
436296.464962999569252
436296.464962912257761
436296.464962824946269
436296.464962736761663
436296.464962648693472
436296.464962559752166
436296.464962470461614
436296.464962380705401
436296.464962290367112
436296.464962199854199
436296.464962108409964
436296.464962016674690
436296.464961923600640
436296.464961829886306
436296.464961735997349
436296.496211641118862
436296.496211545076221
436296.496211448567919
436296.496211351477541
436296.496211252931971
436296.496211152989417
436296.496211052348372
436296.496210950543173
436296.496210847573821
436296.496210743440315
436296.496210638782941
436296.496210532553960
436296.496210425277241
436296.496210316545330
436296.496210206183605
436296.496210094657727
436296.496209981560241
436296.496209867298603
436296.496209751348943
436296.496209633187391
436296.496209513396025
436296.496209391858429
436296.496209268458188
436296.496209142846055
436296.496209015371278
436296.496208885801025
436296.496208754018880
436296.496208619792014
436296.496208483178634
436296.496208344644401
436296.496208203665446
436296.496208059252240
436296.496207911986858
436296.496207762276754
436296.496207609889098
436296.496207454474643
436296.496207294985652
436296.496207132586278
436296.496206967043690
436296.496206796960905
436296.496206623560283
436296.496206445910502
436296.496206264593638
436296.496206078270916
436296.496205887757242
436296.496205692528747
436296.496205491712317
436296.480580286472104
436296.480580075469334
436296.480579859169666
436296.480579636583570
436296.480579408933409
436296.480579175520688
436296.480578935355879
436296.480578688322566
436296.480578433722258
436296.480578170740046
436296.480577899608761
436296.480577620386612
436296.480577333481051
436296.480577036621980
436296.480576730624307
436296.480576413683593
436296.480576087255031
436296.480575749592390
436296.464950399589725
436296.464950037188828
436296.464949661924038
436296.464949272689410
436296.464948869193904
436296.464948449749500
436296.464948014239781
436296.464947560802102
436296.464947090658825
436296.464946601190604
436296.464946091291495
436296.464945558225736
436296.464945002458990
436296.464944422827102
436296.464943816885352
436296.464943182538263
436296.464942517923191
436296.464941820304375
436296.464941089274362
436296.464940320991445
436296.464939511264674
436296.464938659162726
436296.464937760203611
436296.464936811826192
436296.480560808267910
436296.480559745046776
436296.480558618903160
436296.480557422852144
436296.480556148744654
436296.464929790759925
436296.464928339701146
436296.464926788466983
436296.464925125706941
436296.464923338964581
436296.464921414386481
436296.464919331425335
436296.449292074539699
436296.449289620504715
436296.449286944523919
436296.464909015863668
436296.464905801287387
436296.464902254985645
436296.464898321777582
436296.449268940719776
436296.464889030670747
436296.464883493026718
436296.480502201127820
436296.449244993040338
436296.464861666550860
436296.464851947035640
436296.464840460219420
436296.449201697832905
436296.464809930650517
436296.449164105404634
436296.449137616553344
436296.449102894170210
436296.449055617442355
436296.464612987707369
436296.433259430225007
436296.417459555086680
436296.401490429532714
