-232.999332628407757
75.575969337825526
-64.677803283408622
-767.299123829180758
241.115294386485317
165.633075312285030
-46.460993069462788
-466.337404130714674
-406.991985112166333
-135.573992038399837
-745.911427873415732
472.367821349395285
333.572907506234060
310.231675688880387
83.959463042567236
-14.760202376169913
306.677367182976809
240.860783795544336
-278.673462697259708
-210.804012318231315
-40.514548796502872
-567.556914659022141
214.421360474263480
78.109806108783573
195.081949810779719
-201.430553948264361
-66.010509582866135
-306.529298848951271
84.340654883421507
-591.284061895987747
-94.956397438631299
-442.228944328856073
-145.681550386139577
110.409037763660905
-144.891077388112905
168.883016599032487
350.350731528917436
106.764058842938894
-511.076595781761057
13.563478573795052
-206.030076396352456
-205.062891524294827
84.061242138728488
-28.192587973820469
-391.752319408480787
-108.469212242090478
-457.746835057219641
231.417571895909020
455.499823533785445
108.410852762687128
217.127115160050778
243.596022342501556
112.885255582147238
-221.615357732901373
-373.416117023975744
-123.570784214865242
219.413429711666225
-171.806069642059299
-34.552182120064820
85.040205262409927
-166.299701905179774
142.840852507532645
262.882690742309990
67.073485603197767
-200.991292791572590
111.238596116143910
-738.823724660879407
235.422160251085387
284.242739074973713
45.985143980890612
-45.963114193980999
-1178.653582545255858
202.993579338140165
-51.721950936287271
152.391401660250693
141.713294493905209
743.975339011939468
233.340663070438779
-68.769361935086877
-535.303814017521631
8.458643619037872
43.118629733955835
577.326617527428766
49.293490033631237
600.821365564711300
443.368551975054515
61.956480897573364
387.921471739288791
-219.809755410445263
-266.988788843667464
-196.929446432452380
-565.900627216353996
-45.304499171059945
-15.333859935142986
82.907149654866828
-124.994821942264096
-88.312798590412328
-47.886708395916621
79.428868669657206
265.390512162911989
-297.509726411490078
201.382655903987768
-149.044150612672155
157.111797363198207
-234.768532480158512
-18.451577231634449
-279.432899204595230
-59.965790923436735
-393.093512641843745
-271.777221363800606
290.021615918587145
-476.087520319620296
250.368778705218261
160.919906890266816
427.953033050847239
15.680333259522758
-359.802624712386319
710.353263848252027
6.784696485604700
139.111749958399599
30.560750312945643
-159.220847209490813
245.738560807965143
-208.554520066417524
-371.263824074000127
-383.677635355035420
567.210609753606718
355.270359646739223
270.320179628335097
-156.096485898217622
6.246992592677438
355.913716386679425
-42.598335579782585
-180.189134129902101
206.907603488832791
-103.782116321513413
-6.168144365409602
50.401079932183265
-911.186969678612286
91.819507795343185
155.463852014155520
-63.535158986215677
-50.338067652317861
227.645587196142941
-13.256450760985430
324.803236702577124
-275.099522968050508
-480.353496442089465
-269.766087959250342
-97.487796517179561
-2137.991173751287079
66.688195019438481
-108.306566476135828
-215.700140899689501
-130.930026926245858
-669.177581421132459
434.860684347403605
-7.444135311599728
330.615788207340415
-98.193252845658108
414.152545463451645
-376.540500563222395
185.163595772997496
271.301696207973862
22.206234409841368
-403.401323547199979
-2547.449209546097791
-618.655996362335827
48.839103628571124
-422.153366815328070
-785.644328674437247
13.772479131394434
471.377001313772212
-306.543666451208537
-104.712975974279956
396.238092676394615
391.883591948342655
-53.552260488786082
414.669631092218083
-73.020509831979950
163.212877618526647
-64.928358429337806
-57.177699261629648
-88.784896492613484
-126.783546449820761
171.188069333290059
72.107317262990421
-301.944283459592441
499.848746018156419
-255.275145103946272
268.378016811063219
32.539845096584834
318.338971293608324
78.258925554637131
75.327765350393634
376.180347950959685
-310.504130976606803
194.151954447696198
-141.740619441938605
82.986786450013440
-422.220469004298991
83.308972067109863
-209.615888281290722
30.806208705590578
492.757821238541396
320.299920983232255
724.415162313330597
-78.469605251921209
657.290604124636275
339.751758637994499
-260.954089145324986
13.423306517336405
-278.826786167721650
-72.843846461938710
506.558721524326643
326.102165747069307
-226.278539809645793
297.745245294954259
81.143834534630884
212.242268053692470
-496.874874040409225
483.426958073569892
245.736710073270416
-13.639539591976600
467.119419407193504
-67.945163218195077
80.527617705656539
-24.962056481787879
233.507593095228515
-15.107923839071995
264.565729395576852
-332.218727226662281
-635.425594126789406
105.829713906538146
227.631206127033892
536.838961807571309
-468.033126352321858
-361.610820221668519
251.608817305369030
191.852534114183612
391.829852495405930
-107.023008371208519
199.726546944378896
-78.648017143815892
-175.332886234095639
-11.960711419453416
73.258356222207553
-236.638087555419844
185.863120546924733
39.522117329645710
221.094292425387948
97.921487077152605
705.909386563148928
882.476090597320990
558.796826668690187
27.768049577681541
423.636477729284081
492.749152039060675
537.213429929178687
-139.800124382761084
565.669083256598128
423.280537930129128
-264.069960747071661
-450.122959966366636
-296.303931715089050
-548.618343520926032
-668.429998719082278
410.237427926198677
104.147953797158124
188.097577374650029
455.208273745533972
-269.260340050924640
737.646789722121639
217.913312765634771
-44.538357118636476
-348.708979788617285
538.256748499791343
-76.551519652330853
-104.476299607583215
-130.339689840361501
487.279260427728900
130.492636982891412
-600.451935272416904
171.777862557183397
189.637176293694438
142.714524191909192
-254.577415945729967
40.509500727382409
117.769512691062673
-449.994154001414984
52.718712416786332
-380.440286887575269
29.358920005882766
213.554318327805134
-170.448044428790780
-268.828925027022422
388.114367112611035
1912.302058919417732
-131.200199478582277
78.181231590890093
-15.742427260367979
228.884452047826926
177.150022748150377
-113.654690255808191
168.181929589258942
344.574057256294168
-284.930540879088710
-315.805808927191549
482.853320305047703
511.904682293925987
-265.780973963461918
96.101323341657732
-107.607633092736577
-710.019908856723987
181.233391559091814
-397.572038544242218
85.112553819342338
334.662242243227979
-122.814116912965645
39.728591326461036
-52.462798027050674
229.177903535876339
166.968910474324616
-50.168870615146304
-152.327743008277054
-303.161859148427254
-545.650463929867215
-141.163406278663302
127.257509682448799
-148.310758233011995
-116.612250019143474
254.714453501802808
148.639549893754804
163.803324955603301
39.801580042288165
-119.995108893818141
-111.116003527326086
173.724451381772752
-1919.526282271999889
-201.399304907601675
202.888196271367462
-297.767216830606912
28.902548939103447
-298.627825335374155
-70.622732658188397
-90.701031989212638
-271.508234012787568
-71.420283558197426
67.429501698717573
-272.743567733337443
504.169141261406367
91.293731868527502
-249.224490490554331
-2443.708603255120579
40.277472629704981
-196.429144228948957
131.874111466318055
92.873778522079277
319.318119192876168
27.264456146447671
-350.870581842089109
351.811625527329284
8.272852233663702
234.100215140868784
-78.463738721215577
-117.279096030177485
131.061390263224297
-619.164142230325524
-222.106164980369130
-80.254843375362512
-213.221775203937483
6.557651774299851
193.298640812806127
-64.335691990170019
553.406345975753766
934.259917552991510
-329.604945794917683
-186.539962382545809
-467.508483014197054
-284.412209191166426
-151.134192525335578
1486.298530416302583
2723.502172595482079
409.387319347983521
99.100243162783599
49.710407102171885
42.462527864004535
-169.832813518317948
-35.826443489005364
111.857174604311552
-106.286474560617194
-401.475807711023094
619.375413892089455
89.893396041619667
-456.084293696876671
-187.953455214397593
83.835907291124030
-112.903179019596394
-85.302354750747824
-92.126339927744766
170.543209551399229
250.950716224248254
-704.065724037424616
696.223137497351786
963.705991667844160
69.708591434969534
58.998907997050672
150.007876995182698
-170.146398195813106
-34.734817558741305
224.721596563506694
201.338867917207835
-441.225056437747753
216.574243422109532
-49.571179574820398
184.228182096719365
489.693058542446295
433.008557265481102
319.849428176572360
305.097586522822155
72.039153405472376
-107.788724784947775
-145.454511639644636
-16.706196934311230
-76.366121716429490
650.280416504924915
-268.886536995889458
-711.608589587436995
511.859686217328033
484.086189283080273
-212.856135036499666
135.402270322026624
-649.231371107676864
174.291394840412522
492.363234731772820
46.665504279497128
492.498638243624612
-158.080066578575895
-153.870604503859965
-62.010013946043763
79.577141976359329
66.346031644774698
418.317162399837400
-52.937271569183096
371.718965563959500
-3143.597118554233475
186.159816335560890
57.305850289581102
192.363079070423026
230.008597302486862
130.550750139563803
-1026.682493450493666
215.704087396178721
81.709410724575960
131.092362116704720
-44.886717776650030
146.463878758699195
-2375.819419136313627
1140.004409361306898
-142.154986894027701
180.669575008964699
272.801012451907752
641.973308590174042
-284.971060586364331
453.532296847386988
-740.078984337221527
54.332272334936839
-11.269237405751994
186.379634706346963
-135.486271700304286
123.415199686378244
21.599050798820397
418.920957677629644
1948.152994789686090
159.019613611121542
433.629536195700666
-157.677042910361138
201.599642311630419
-4.201142143584340
330.296680997969361
566.586157405267954
-281.452980565165319
22.759033135837303
-227.188353033433856
162.375809340811287
-71.713035152399087
-428.923230584824069
-262.162072465161657
837.537181511615245
439.980641127047477
801.897336884698575
-222.787209630980556
76.635224346694542
8.711213286931798
-79.106276738006912
-191.941789539904761
-716.041303062424731
-20.324790911240694
-108.414014601662615
129.393598879336395
139.869037238794476
-200.478133681460832
-214.350806756972020
231.636894822692739
90.589716742187591
120.379134886385046
-529.046741132496550
-85.974835105170598
-377.015686100504013
-22.431200881284372
772.903490468504401
-62.290521516882144
92.804994239489645
-2052.335751205698216
205.061560583202805
2212.087084546801634
-109.664382264027083
-352.608291740925324
43.547648799005628
28.513359924897092
14.677866154447456
-163.140780539429159
-62.533741066655189
-588.481800247426918
411.453592766232873
-50.791437810362901
-291.297951457220790
155.418528085893371
280.209717473450553
162.284553719281263
-227.172116727575172
-160.493208184431381
102.299896601469683
18.750952173429855
121.377714259578937
2045.889767982556805
80.453621599035202
-69.841913213705169
-274.134017568333434
69.669934638949741
-253.920959731689379
317.078763880131930
-232.568424360346853
297.480931258466171
-72.515188819120695
498.100449091661631
-116.560483070096311
-126.374018086000589
6.263532849447215
64.416922741048779
7.045066156227933
173.119810723585402
222.962561252064859
302.901139693796779
-361.215318905013362
-205.460955436257819
-77.349727998497158
-23.619284328355093
325.679669031873459
-90.368886682457514
31.151822668047604
-408.471198789273615
220.256823177599728
-653.909483674492549
138.713871659336178
164.807764777225856
171.297297091318711
-150.813846731038581
316.664484481941486
-239.781633846118126
350.522716510308669
-113.587517295731971
261.774426251231318
-125.288642556929290
-84.296129534711554
69.965547841260275
555.931156304172418
-122.682342815832257
-105.840140477302384
-282.188858180837315
-76.115638733430487
-67.887585738884141
758.991439818087429
2742.720486673223149
-151.833415422333502
-480.082469963444794
-172.562456169252300
-121.627339557668307
18.388226540634165
1147.505701334321884
-46.369265832060748
175.639231942711092
-324.468195922401378
-193.837867914496400
-276.109648983757154
-33.834301996994036
146.068589398784638
124.624674732233601
-395.612467317416247
-478.592201712885469
-276.502484669360058
27.994299586183129
56.819816351237385
-736.701881611531689
-126.636678697675720
126.312572308176101
401.107365461157030
459.341276595506883
38.096350982128151
-472.965142053846193
170.904047195390064
-35.261520719524704
-1476.375625895706435
-141.492567734361785
306.188139045929802
6.461620485944173
164.189467748357970
-238.913112260547820
-351.423979948170313
686.446395808932039
-1003.417429717690652
166.199065719629317
-69.654456987147782
48.290600730805558
-439.863189441403222
25.599790949609432
131.440648292021791
-325.386333852642338
145.815605605296525
-357.814605884473337
-210.605100502902332
228.127283648630822
-1515.875455544319493
185.656655424209760
-512.707189410089995
-495.241035373241459
-78.648511745945328
633.993224271731492
102.768092396685191
105.553754922452796
356.799040490717573
-285.242180406463092
-87.992158754797344
315.537512747854123
816.913651001214134
-80.428448503885022
197.790760657617682
152.011398570298724
-152.210520429751995
-21.133023643633518
-68.317844574708701
-566.066536335331421
-41.050586492580962
17.288797604886629
76.531846265900271
283.701289736255887
-192.571387267069554
-617.627655917132870
-287.424102161781718
425.440850187110073
-311.012855302456046
417.212217503268789
-29.308091857239223
679.725441166894598
192.769290390662832
75.119703428849547
316.368592619278274
-14.558580389741365
81.011700874113046
-171.991236784812827
-58.110304859447055
-12.599046951303233
-53.693700144496574
-164.458499270509350
-518.722696921428678
-533.872413041093409
238.689610695471202
198.311401317762062
-22.299692624553533
253.836163315188287
-377.918144529388314
-14.878946772211664
-101.526730748799451
74.048597764530982
-139.140269222641678
1966.370008900326638
-47.690955695580399
-9.441833447163042
-323.390736412909746
-589.368244149619954
159.932549296709880
190.014895813744147
-449.219032738539340
-334.716569398284491
425.315244314869176
356.774088531650989
546.377206998105862
-339.912571526024976
-652.508609910835503
-224.879298247206521
413.587085391617734
517.294107389291867
415.386488070480937
-875.914538809413784
41.862038341382409
-636.249622567794518
-376.678224047764843
-130.374046832773701
-1479.194907869788040
37.983454491167201
-167.976736100940627
390.758530830596044
238.140722179442804
45.613728952751565
185.558807021724988
336.028295319312349
-329.875125290113374
-363.195698199940750
-345.410922037120883
-2973.817201656721409
755.535183799586093
164.723570648384680
-361.262516984505567
205.627828357015005
-762.794561329214275
-44.564636739177622
357.471062633965118
-645.506893182748854
-27.092568946304546
362.694959893231669
140.457919381528086
119.886203631600395
-63.437980370531790
-2457.639464975130977
440.340981097434053
-2096.733876645918372
95.846764288010704
73.043116462097814
195.221532218898886
-58.430203255666513
-284.621242144161442
-24.367978583123108
244.612155848389506
298.462108752863969
-852.452582722931197
-284.663510631955205
-636.889189227795327
240.112226105271446
125.092989006194045
411.440549162189029
874.500128699328684
-471.118550461556424
-236.623215105122256
452.634317069800943
-343.824731845557949
1842.096101651071422
183.409021293969261
321.888117844792873
-482.821846806161432
-188.544097112583415
487.115562883658185
-275.959539116962333
-303.609685415383922
298.418293649593977
-495.920809032105979
195.973844080521872
-142.963215052721210
505.193497571653097
311.460472464099894
228.589160512735049
-2165.092637980684685
-270.416594073266140
-504.651777656742070
79.108392589052713
24.398173663351709
-97.599920199372264
339.195142074982130
-82.427358671672039
-400.441809556346982
-31.282676555832591
-97.316833320645799
307.949517403354434
-405.124300638436011
-138.515904286604126
56.806094825990641
-32.715307973129676
-147.531835231947184
-263.667682313796433
24.420060122252554
405.310141571116787
-3115.521330633614525
249.499114592815744
-360.952146578340376
259.309175346709083
80.125702907448115
-64.023856216668818
164.642380070448581
136.122974341332878
-290.951811533514160
-2928.569319983033893
-144.194679325302843
-155.742644436023511
39.870753923411172
417.900296546218044
622.166462960761010
-367.981622028267338
332.004624588057936
498.967197788216311
-155.699628587448558
-56.445464755904894
-62.389429991110759
-21.373271366562886
111.888616361158142
244.843631207680517
-181.335964899869538
-206.146243880885692
-386.499016551902798
-367.253649510401146
-129.549105566017630
48.777713395355327
627.927695628795163
338.375229804503704
80.096703193753726
-396.762623222179514
171.961794836842529
320.119710259940291
227.322690055507366
213.898684301205151
-288.012250940355898
-499.705276796326984
-361.539421964411702
407.536078836570539
-75.248543571996677
-277.919980718272086
-114.869237121013811
127.425787887401910
2475.910444482821731
265.321416978681611
-153.166974673871835
258.559526454152717
281.583423008216357
321.436204674353405
-186.102136039306117
173.593698060888016
-423.385549898191073
130.307251835972721
-500.755686371989327
480.349357533386694
502.658302804654056
7.870790817222796
40.024267702363083
386.522684498712408
-172.401138875693420
32.956203274568004
-10.035169713945157
404.745341849621980
76.605953469155239
195.790480543881301
-193.126774271302963
-208.169224847295965
-62.314003582715358
55.327697362173616
89.495221504799616
410.294357946227990
385.155044669927975
-8.970344025212192
-261.218784745215487
-62.038903959718091
106.154275530474862
179.047974082081566
789.853751292928791
-226.098920481052460
94.590624872204742
-80.818253103294012
520.361090833830644
-415.525922023318003
173.291339372956941
-99.237760684821723
399.513915921455521
609.911319893451605
-492.649772590617488
-85.281583034495682
26.946760362382744
-676.131048522234437
-248.551270499644261
184.593653088989072
-16.378884457989006
15.827632561671745
174.849797132886891
8.617493127426714
-215.101150529510193
-84.371281263597041
-323.491466441942634
497.496392165753321
148.688910496330863
186.153531008995913
1116.366510221122780
-450.738367050871773
-241.072792855287474
-65.044019815319999
210.144229502025780
-105.407663023502806
226.909571077855645
-690.497628254231586
165.567908969658930
-226.831905549244880
110.278261774489593
177.451607006975109
39.460901001804991
-322.916680652329660
-225.192816514954984
51.355211890293639
61.283096187335190
65.396364026627239
153.767417372797098
-388.365783266172571
-256.012480819901498
-301.300020343780545
616.175346542117268
247.144267352763251
-60.960503578853796
149.981269890121240
26.828807428129402
-547.642627005180088
92.765227048716810
-423.000537556348206
251.138626347242933
243.924672282330846
249.335650251657881
-655.437097497094783
280.296879677940353
158.138195353626600
131.742893868278571
-283.791091053525349
-128.299318425626893
-2232.693812615692423
506.358547021611628
311.364005149268564
-59.709477576234754
-12.266370385031539
-235.696616146995325
193.180143231895244
-27.280911367559021
18.794499158982479
-399.233175915684171
876.860091127799592
-455.334170614461698
-158.089165762089294
-8.256360188664143
300.564926763159463
-84.032999340370438
84.223269808585414
411.217046604436746
261.923921735548049
417.552271871086361
57.946419157349894
334.590855932542979
-73.950843992886803
-100.073533358378981
138.497935140666556
-90.819348772377040
-149.132702724105940
121.454890631309254
-149.142713264165167
-211.962107045694381
-99.351474075085150
202.796280496066544
127.437318579214264
236.209371476920040
63.814951463968121
427.034129209674632
19.081327693368138
-141.321889413423435
216.653774964839869
-43.521952763821062
284.350445020724408
350.977638745938293
365.203745748243648
177.185094169848867
269.616922005847698
596.353931644253294
441.107226039582713
-213.706949316890729
-27.705289540858200
-150.465554328428567
-122.035744376605294
-35.583259729021741
-261.426773887097909
-246.094687490569555
-466.314103706745300
-283.859535242447407
356.284639252848194
389.851321357060272
164.847408264800976
-375.190678084220053
-103.874771886057005
-131.061328347330829
-317.262756830411718
436.981070969237010
-250.805035310603358
-72.130994999075611
-246.387656491893921
-469.460363332838824
205.628657723003926
159.211765062675596
168.250810861023325
391.908652335436557
-50.276988198014237
58.942922012045557
-447.645013196218144
93.512747523359138
-101.607586025042494
-850.799513982421900
746.946071074763950
204.309238365999647
180.081432669280701
91.346953507047459
-153.863252926269126
-14.996519687108382
-490.844318390634214
484.291832219062542
-130.494598071410536
24.206046701406112
-180.227890225489205
234.518392824176345
-146.203987971134410
246.177247321546190
-118.302045697909577
467.329522688556040
-208.124414189658893
352.497424021983534
-381.307152430524070
189.177739675494649
-699.750314905853543
-165.441120518701155
249.579169834910545
354.143134719038642
629.593756390068393
-57.118865038971926
157.099668306543919
-34.610769845191030
217.757273203352042
-111.636467866186379
15.021256617883152
-338.081301127633481
408.055206178723665
-675.592997803011031
76.338902403862846
-706.475463008027987
114.143484846114575
-238.451200889416242
-395.361186814277062
-166.690204388536984
179.138379609216940
-343.909190518087428
138.743062210000403
154.729942339458660
159.842277572977224
-1209.784281698894347
-683.410642816021777
-413.609359357589256
205.736835098817807
347.811273252666751
-36.107366664632146
-320.781257560128381
43.258369314167624
-1240.306582689813467
-541.126467153198178
-75.808674035055233
-172.620340315953513
-287.507423830916593
-245.751764304638186
-332.193904087632632
532.791586358870177
-232.372991596319537
-95.552067237368036
-276.811818795091426
425.419609945534887
513.161184401057653
-692.272157210878731
-149.038814875620403
138.986161589115824
-512.857792983847844
-18.682184623180827
-530.788583713590128
386.516027378943420
-25.863878939728199
-173.585077127708132
98.656509817218421
-170.390495986435326
154.044634029945428
290.518902054229670
-70.628166101216749
187.684085328829951
-68.767347166084036
-349.716309266217593
-151.202837046742985
571.868542532194283
172.873552770944315
-363.428870088238511
180.142046873057978
115.451501050909911
-194.411273089845963
316.021489973905659
386.994446591081783
49.057417074915072
441.249626232738592
-19.434929759396873
-286.880094875996804
-346.688797754751022
100.082352150576682
96.840351294242637
-411.476769366650046
50.495578320240092
321.559148761685890
82.989574920512155
-56.268902809028219
-200.727642519264663
117.676198181799123
36.073407899145124
-706.717091928330774
-242.159924739747765
-464.825467728272201
28.283086472801248
666.477778339840143
-123.308789474107655
216.247282850790754
-242.749018328432669
-189.201699951916908
-160.548556164655935
159.659129594029224
-52.388334079125016
238.749676135093665
-107.800404290596006
543.765776950051873
367.651387063704760
-86.988015208751733
-130.099431061053480
-43.535768331609873
-169.806565586035532
-115.391354733827953
-982.312110954375385
512.927038747765664
-81.672524818863380
371.632780674366927
-197.548814904144962
344.987421640053526
143.157555866083499
-271.448814066204420
-145.809494071606593
293.043992068587897
56.904257449999285
-154.420147473599201
19.959852347935783
-436.569010599670492
-87.623385820304549
182.887841496981309
-338.214916248409622
243.042741883639394
-273.307633749686772
205.666417910327368
467.083386807235513
112.321535845185792
-155.788311386086150
-229.338778966903050
-315.516646207567646
-26.879697350459690
114.650274735559577
-538.188765186741762
22.920722036579207
-444.647229779278121
236.383306163391865
141.265202985492579
-12.919789727842993
-60.711394804266057
144.249437849206203
-290.577477699051428
-647.322204413333338
121.120257996074216
-52.944746857063237
450.947044830684092
-492.805445819684564
170.871659670400533
418.555399224282837
310.225318003026246
297.901972074212551
-440.698011676568228
-10.428365965743266
-36.830141129006059
177.448600728321082
174.269247616597198
173.827693023520112
48.920440810093069
230.372657443135381
-941.703754494748296
-225.059925260144809
36.811168129924241
119.093501361398907
2332.516827232947435
452.335365437182418
202.810561723750027
43.286691457526331
29.638356555772376
59.796781561890803
-142.945223844853558
-186.047661994987095
-71.818429886086975
-179.897749349648848
338.450046097489576
204.574140099698525
107.803344955146073
460.029900939273716
203.115606944305512
248.133344411386901
107.103118216437792
65.194621320512269
285.489954683416158
-163.816282400854959
-55.934131958467887
13.735815549583629
-214.501332202469683
-181.969510912743800
131.353630625560612
-177.486342252084455
-46.215177816573430
-137.155759764518876
-73.298013316508658
-223.428665703594589
-303.896700677815545
-566.995375680083043
196.971642279512167
636.667236617966410
-224.537407002429745
398.563915907691637
-109.896529181426644
200.254514575405750
19.922828179600597
166.448621229586621
482.579753990658048
-809.210909593527276
-221.927952322752105
93.149867132221573
647.988143798586066
-79.356844938703929
29.724535605636692
-578.797833380779252
241.472642953828625
-66.282028199913000
-148.591203836028797
313.393872356851546
94.345217176541723
412.316499507940534
189.058466438033179
61.060814975412256
2682.319770471535776
818.933287585121093
-850.566349556928913
-143.682767796306706
326.860361689734418
72.255499291278468
-345.592214940677479
120.896368840024266
-141.432876328937652
-2474.280266405585280
268.014100214440361
209.280142390262597
-52.324911571079454
-462.213110418030851
268.685214413055689
98.472695879287400
-37.703975177528683
2464.543320759928065
19.344168678167961
-16.181083747972743
-479.115472471926580
169.013521128888385
-37.083647329676054
-537.273140775327761
234.505221283868366
-192.262064903680255
-330.442489908970629
132.511813348014215
218.445335059952555
332.279749433100051
-153.597943844854456
8.044530813582503
28.141904723130988
-280.482497509446830
-403.963302753793243
-182.928437015605766
140.872586573112670
-631.728923855579069
104.242039861774060
597.072746996295677
-322.595012419854413
29.894486847844139
-661.871519996576353
86.723211441312188
238.921632104688143
359.214933153944571
-316.272193008246575
-179.058284496049083
-142.946728925782566
-334.147055744412000
-70.049605685231583
50.594705664350435
216.828447105623411
322.233262133846893
514.917708687260983
-1629.988537616284930
-623.176293817805345
122.770457569190057
169.547336342139090
-24.632093250632344
-131.468449287461368
-25.766222927014283
30.966578751758011
-355.064569711789090
-518.999234313112538
275.709671190315703
-206.940867070027622
252.152912824588640
-434.793973831394169
-221.260163982833461
-437.313731265924844
-161.455807059135992
-322.583353169326301
255.289167292299055
-327.502936191235449
11.098396558369565
10.366683260096142
13.197937759425258
-281.516897480941907
349.190917339483178
315.286694110945234
-258.160206814562969
65.579220894537045
294.159065000872943
-362.498833474507762
-87.945387304900109
141.569439219812665
-149.525091061516292
435.937049047232790
-419.771086806154756
131.222993158470643
-70.936862736619588
785.009185981782480
-437.450853892138298
248.017368127666174
-35.745719022982009
-717.523400895366080
-63.086255025083119
108.988233102667124
123.002402665730713
315.473333229579964
207.506599205330843
-31.087519607565770
731.935625442596802
461.228656123982887
193.153867835489564
538.074794693269382
-415.214771800526421
-425.850775638755692
280.535966512574419
190.463437608079914
653.664243755542998
-499.507191613832163
118.213271169391703
36.587987393760983
18.742477475919372
-11.439230159431235
-467.542605836789392
226.397473492135674
-36.207404060592658
48.391801968730292
-275.582882959334029
-243.183784363496585
-368.386880496024673
-543.508565261334411
48.560521181639174
-50.041989245931525
45.535913701565832
212.559036764436456
-47.839161639213913
-709.941771777663462
56.184168129548539
266.046157664812142
-403.461390813010553
-289.425051738870650
276.669965853907058
-706.806980572523116
-480.861111656660398
648.725455970739404
74.502120806472576
319.262447900136237
-17.109463384863769
-112.528762938610626
270.313283574664013
-272.017177835009704
-287.799483393788080
400.026522040772022
-706.957828059947701
-275.114614007619082
-348.852691098793173
-52.061137207219403
361.023861547462218
-15.770084288829340
-285.820678980213358
194.434817639083690
-16.867076740012141
178.563894509250900
-82.259153176092696
-498.745615154742723
-96.313361092474850
340.325815370235432
-385.905236852184089
36.485924465687141
-37.517472436442795
-45.812349342283625
76.872603365948393
-185.289348611157664
-283.769835334083837
-498.933924249445340
654.143464709901764
81.870205453887053
11.877938327593576
22.092197866981980
556.910680116441426
129.069526486931977
571.886564977461944
31.719812821334315
405.888550643961935
492.724457666709498
200.014261445515928
-56.611310048810388
81.510560832371439
381.261256864829306
-254.128705233738316
319.725149373235865
350.670568261833353
17.267511150715197
-1137.939857544278084
104.581339971198858
-11.585901600786094
-443.499891412013994
-382.770886276501926
225.327039676271227
10.314725982042006
20.052745453603624
122.154506135396360
442.691799523030511
-266.687821411522862
-419.833341200050313
246.879036262431356
-117.929475917875010
383.630516415950581
-80.768959531233392
1033.977485304018501
146.893596263400042
295.667328749357921
-95.870230653526704
-783.638924473036468
-303.078299901986668
-139.178621953248779
128.900880419938062
-145.253045211842334
-415.190892638961429
192.105759270945754
-225.681523727056003
-536.591962730028740
580.609128177340381
-582.168529386009936
71.090439357851722
-353.869130063783018
199.217543428029245
-46.973696934367027
208.004511370104353
103.161212063513418
-41.333829037228895
-787.553836064663983
-194.449661683420459
80.575859906522297
-256.952076825469589
-100.064806529241750
-305.913121106936785
-286.575825547909403
-171.866742458282857
1678.993186075133281
-790.324444875792778
173.251045743928898
126.235045431730896
-37.129477537992045
-684.671423610681472
139.533337731345313
149.437953320382036
-745.865321810322712
9.482302857626797
353.459096800753116
-267.845127157295622
54.588477644256415
-268.339270128816850
353.721454181376998
-515.155517498206336
-411.150793533501258
-474.740747203644446
141.520354946175814
69.343402647250258
-181.803384647006794
-312.575681387775546
39.793710047250940
13.395622610424400
21.422116844520065
-728.876576721061383
230.463834860469632
279.564512043095306
303.461437711170049
-96.314542167898622
-41.013296984751932
150.221677538744103
148.862369840942051
341.408448008382152
255.894231282406309
197.950951077144794
-111.734224245423576
283.057787860932251
298.871088573708050
6.493872518450416
-268.707557343428505
-30.234419416656589
-174.573196734886437
195.483523196213241
437.138924836674903
-270.591639584901088
119.000236329374147
267.651230353189646
-460.760458991256428
13.525503661169356
-46.130735979677084
-191.796601123995856
-379.032991100524498
652.685465781196399
-448.393599394961200
296.956202666478703
-35.627439457145435
-296.648907635358455
137.979890154562241
663.521310170847414
-401.906326658698390
413.696065760226418
203.587104897178364
-277.287297255911881
393.683488721666379
68.208892629933629
-106.733743196056679
-48.375428322259289
354.867114660007644
-462.405006724982741
39.766107153514000
294.932651187210467
362.099401540622068
588.804042584662852
144.461872377834254
-566.796848635899892
-12.976467829535412
370.766083686005572
113.108764153103763
-279.204124383407191
230.218598121309725
-223.862101824249720
98.194786790736842
-98.924662154815636
-379.869927937135742
80.775646115600523
333.416162711846596
-115.194588536626995
-191.904409303382096
-323.376053048525932
545.656598010207858
3217.549530312069237
-323.192783635259559
-52.658602172876463
455.841025533746574
394.299822338752222
443.407514040861656
-361.623902895304582
20.007236246057868
384.753094744456519
-493.171397515712840
39.520130554447206
417.010334006538415
264.193677498905402
-242.238772096468637
-123.797860633436997
-366.843327851032768
-124.556815393280942
-380.500839080628054
-488.724153818636523
166.891582049952433
-406.605096966371832
24.523070415123779
125.912055579369891
577.786733181118393
-379.202175064440780
-213.837758855310966
452.347137929382711
-131.006621255088788
46.330127545113172
-235.027641622586629
218.763319099044764
-855.529893886876039
-52.920323749204812
-102.104947243911241
23.323578552106270
331.814684247746754
-129.572777008966284
14.170319120434474
585.638357896836510
313.771563094609064
150.603952383532686
-140.112442276366124
161.894054060708385
-775.805129123994675
-407.639484028802087
-229.629022161749589
245.339803586756176
76.254150060960100
-29.232276501451334
-462.945731182838244
486.827337059917511
108.645375888301913
-422.350987180831964
104.246607200687293
157.166101468018439
-50.346063119147004
452.502877317199989
-166.807737544406223
-200.921663366978549
-119.922123446863267
41.441555774690777
-86.072785323519454
-13.826668700782280
-891.463309713837816
130.723617594353954
89.697531184784992
276.895947488370723
467.153526160431397
198.647418101470862
-380.146467148912393
481.773584573088726
264.028078537989074
-191.652478061895579
-111.174562124172340
72.408847222193984
224.054591553130308
279.547615191655893
43.426394396999974
-405.390609649807971
366.166509305052728
274.180203303124756
-269.622821894987112
133.585705619171762
-1608.035745529298538
447.844674108559616
-17.984642844917904
-127.457770780065118
-36.719438845800312
60.652081182642668
147.995168174575156
-313.636826548777378
-224.864434914414346
458.648231689334011
-343.026110120315877
-555.451854897053408
-88.877971777616040
114.398087275747727
-49.022972536707876
-262.304938661215317
-102.417071534748644
-444.596956893261279
2667.151553768471786
-352.016870410283502
222.670395739490743
-48.402076428616411
-391.354935842247755
-77.302549119493591
112.272143874710650
494.941594503868089
220.350605744955459
-38.357401504046500
318.627999252412735
13.023964084179127
122.173538445041913
-66.365352353676357
19.177366393257387
299.643305466218635
32.842719824236518
-62.634495233319726
362.669329769094759
-568.024777601952906
33.443933364505646
31.693335950850088
191.410031936338271
-182.588711106070008
-434.601164554847855
-86.426232238011821
-190.795801079693518
-167.691338985078602
-118.659930741996988
606.029765004583055
71.629654477819415
274.237663486927545
151.972537745409142
-408.090892748341616
-243.256413195866969
95.869980014296388
-149.823942005605261
244.736639393433990
734.257151435778269
-2144.126970536564386
-73.603315458698717
2589.963251187385140
268.590700460265168
253.295289869286222
-622.522329884138799
526.686284374015827
-395.788574691897793
-290.822389404442674
-806.397522813133378
-288.387313470624974
-224.089459219235295
273.984201580528065
293.582668613979195
1714.619906671559193
-212.680410553697385
263.279692749407502
-160.370585841408882
-509.897646755334961
151.188595721342296
-629.945372192456034
-505.298763224608990
31.932455385464753
-34.116184428096538
-420.507414729111247
-170.712514860348989
-906.531157557109509
-9.598302539615764
-128.490062542702333
-141.101254248119290
616.654688612411860
139.215950806514911
208.806642373613613
335.087121309330144
222.935426491032899
282.327746029509228
255.789802529670425
-211.590670069741890
258.734315703391246
561.664655537259591
-124.583980182959934
169.649134092901249
295.234072800445801
150.731311179564187
244.892178614947170
549.959342870491469
-196.173955241961124
-345.577385355571835
63.565139890222923
-143.128407181628091
-80.555829300076510
87.052949462026206
-338.937681630198256
29.773365490958252
-37.515102597134302
8.146901255900550
-95.219667004614593
-525.623092219403247
-319.232421790560124
-156.327705636337100
-10.454842970248325
223.885905005106139
329.225162674614069
277.859962385853976
-430.470307626551687
-73.767626610977828
10.367013081129343
-290.058103407750593
227.948416978362161
-70.170300728505495
-17.375489903604464
245.255257289732839
-95.165030477281377
369.031247156107838
377.947440406732539
-574.045665127991583
39.203570731744719
360.348640174604157
-67.516352378021267
-11.061190357264584
-115.507329975110821
197.183131515063621
371.834286580882917
-1313.799194621496326
-327.368078100257833
-111.671746342691563
-464.600382112504462
112.908667548112632
332.049789973302268
-363.244397328099353
-254.518297778570854
-181.747512655853569
-667.524165110033664
176.656587781993721
-225.138310565231052
410.969934398545774
-545.586970767341313
626.847661968840043
179.202057345292758
91.067326072463501
267.028795505874371
-154.934157602009464
153.763429517750893
550.339863324533667
16.187364827360888
-195.027448706823293
-40.403028846746011
-53.022485939235565
87.658395296947234
-185.264803860416009
-190.046501363471151
-194.430947902347754
-66.060724952454237
-144.417395687945600
286.087188573365609
-16.360845034190955
261.394553960910855
-396.341829030679833
287.941705160969832
-324.658199257938520
7.207178472134687
247.066330488146406
-194.871699647940318
-268.016167014454766
-44.844411648179324
269.789365219654485
1103.661004014314813
41.179108133588954
175.891108038225781
-253.329712247449066
24.988826936176910
-268.798505754119731
-2528.251432436398773
-92.496505791343310
-82.833253723684550
182.948565786511153
-794.930684574991915
1101.389135702369686
35.789656545014715
-224.167089283231945
-223.503728091071196
-79.138538464175312
133.477173826543407
1782.124179258379627
54.518028437183943
474.629164619257836
-64.357405130200405
115.502069916786780
72.069183015204501
39.847568866864364
-318.123931160343943
602.456414906828400
339.177363706351002
-89.113949135683598
267.147700313772759
-51.261075347728116
-393.727680288075987
134.124007883699363
-176.837591682367304
-1824.438059499777410
-93.664350269769301
-144.033807344473075
274.318132482600447
-218.934231387609714
124.308871510593150
2742.912592501628296
534.448874233560105
98.898662185253031
-136.617031568936540
248.008207611121605
-160.675461545094237
-240.119528575525777
72.870587115600017
196.678764979257267
-315.945182471230737
-570.318440024559095
-187.133682123320682
403.032332961287011
-112.122229267185801
-84.306802099620995
88.454308203395541
289.682503491490479
-288.884253193908478
236.997783547575807
-29.533900679437043
64.387770917959173
-113.709915103893152
-66.198708602808793
200.960341577936674
436.622504837947076
-137.349226121964904
-300.014689610390633
72.908031812709197
219.364905516362882
-106.957510158808915
220.848107347501923
302.476001647676810
25.347413278807757
823.839961472097571
-2323.114729107650874
-37.613583254538426
-73.729227972423800
83.537670977976433
-14.029272832692797
-74.652768973583449
-330.062456111225572
-155.619968152941738
-651.032442602578953
381.392821522522183
-192.050607436643730
-111.811193465758848
-135.634899287541231
-141.858124662477735
-11.460468237974577
-176.808092544628920
324.157723233078343
337.356782140680991
-52.384306778915878
25.573840418011319
426.248005550249729
-40.858225881562504
167.303712682826898
275.226822862876816
679.490107532049478
316.519929989421541
140.580852493979023
355.369292059006398
884.680049038600487
-9.710519597261964
-394.244971283996108
-144.364133077859663
511.916766019836416
122.376575065990053
118.226754387105615
-171.337538633446826
52.303821149047799
-104.852516429188839
-338.161911202834744
112.961451312540646
191.254540554549465
576.799074654441711
-546.480259393882420
-205.491839409240470
80.462915977985844
-246.083108495825201
-311.199062004394932
425.456990844166626
37.996085080190319
-519.955166607655769
-123.998056926162050
-72.050742662549368
329.721187391452816
-479.029903113741568
-213.143038204078294
383.165354631062485
141.648513620504644
539.057474643651744
-165.150570404747839
-113.189160905996957
32.061726240908747
10.270591395243784
-483.747489673210509
-588.021860909269208
68.580689053480697
-171.342051252035475
-345.143147691473473
73.817212409792617
168.000934302955073
-213.562321252111900
595.951459881325377
190.607349625013683
103.360972426889020
-285.663531779238554
310.233185450672465
-115.068995023238131
174.995563698758218
303.781889937890639
13.362235007665747
42.281758304531316
-24.132516379485097
-274.739186123297827
327.702497898296485
