-49.332756013302095
-61.824480685270530
43.730895910436168
-3.738752620141396
-61.884271573781035
17.916519314772565
46.281695539107965
-26.837979010938486
8.817915289257792
-88.148439651726108
-3.665738530444965
67.356259621552454
46.431886019066582
11.056139448829324
14.517765477636628
32.576550401748342
147.113606267813367
58.526591928261169
26.934600840603562
82.913320823061184
75.456249446891292
22.941299502438639
-66.821106319082958
-26.699372254052552
86.772212137103708
63.319291437908731
116.711742040146277
72.263642895875776
-46.027520711090872
40.882668435584648
-30.918499510865505
32.602367695337371
-13.573142541844184
64.510185885870030
-26.862933462734741
-83.684924602886340
-60.175885101189337
-54.412205799086117
142.126816925852921
-34.203444519756161
-50.831005905646641
108.610172561963424
24.795143233437557
-27.962794599821056
63.880745764609912
-27.382235471837745
60.532130201648599
105.067470956363479
-32.321339039341865
50.061801592961984
-52.391507132954771
-57.480728984166745
47.772001450539349
51.356299254394905
48.957276427712117
14.399733124064507
-94.619359576733601
-20.198729317459033
82.799911937900660
-54.480973086174714
-69.587995223416613
-57.050736138355362
-64.563264264659310
-68.034350636952368
38.331834230098863
-87.393009811580171
-1.059090625466436
54.025466951861922
33.460625864240207
33.117024034774509
89.497010844583841
-12.000833186892599
-58.044950212005766
55.075018019829294
50.926941484232643
-66.090782866868381
81.003173723190670
24.851545257455360
-50.156087032064242
-29.806736324622083
59.447690828860736
15.597670627962566
15.268368359666724
98.090938616128838
-67.883827635746030
46.528593211472746
106.299028361074079
-96.872517492906638
-70.604250632641964
4.774832133000216
42.657259505078081
43.838617417301570
-90.721158937910047
54.409297366160793
68.073808002175014
39.931846298210637
94.290373477479335
3.380720267753463
-57.983630961422477
42.024222320713697
1.838627005298169
2.395484434860179
-59.094627604396798
-40.369618806105890
71.668949041877994
83.814823399350914
-42.901505904235599
59.572672746095904
63.289608436486922
-91.664719273781841
36.639161224371570
3.902893022047421
-100.615536812711483
86.925561207362193
69.572718180202799
66.462026401263500
-119.153041881767564
27.812020000278046
91.381615098290396
48.093421459247921
-79.326571806402782
-63.241924969299241
101.875625934716581
-33.053026522204682
78.949697027178857
-77.056574392104864
-38.627254482082961
-26.156617694434505
43.003138387897081
106.488784407851682
22.535660439936706
-21.639298912953294
-27.579210788106717
-92.135810116990569
-132.695456573872633
-123.104687119086066
-86.565371577706742
-41.552845103439296
4.917239865487527
127.483283073031004
96.419105846420422
-74.219636553565394
66.180881395977565
23.508433531446794
-40.118774852080747
-23.704201951541513
90.181177520464445
-56.459515785647085
-1.958548149856986
34.662864827813998
-16.813428078158509
-60.331710139517611
6.509868685164774
-27.482207330607768
43.640952012757054
-39.758238862003218
-105.760765356424159
38.751197805716231
25.794224366443199
-28.296819734649908
-56.588551047193846
-5.268332030360984
62.776147280960245
-39.991994508962094
-114.745867593124842
32.741579452440483
-18.527568947283385
11.189069714169614
10.262924684485132
-77.407425084354273
-18.489113247188403
33.428651029850073
-67.553396954383260
-60.916140339744118
-8.072297912641217
-79.355024879530134
-42.074014577720384
34.538946574183768
37.556938191840416
57.255395926601281
-108.106741501546125
-47.482656021813568
-30.575237713981593
-49.695149834238237
26.692655137813297
-73.110127779724465
-129.565158098892880
132.015751265044429
53.546429265783466
-26.139323716194760
-89.405514386533028
-58.965167715043080
42.854251913344079
-10.686622985044687
-58.007733969653835
11.504321977919956
-80.653848235894458
13.318090146820037
-4.619371181092512
51.151536210281193
-33.381162121484628
-0.795762820416819
54.085512954744566
76.147481735906965
-68.538780520771653
32.280848883616656
70.619793301537669
-8.418438608946477
-64.954802241393423
30.354979296409304
-13.444711725989016
33.493136011451298
40.713402712856961
59.294790006559879
-4.805613557607304
-114.031654781826305
-117.830535617248273
-113.540492847335599
-79.655351463701180
-6.759339404681404
-98.744730593303913
-108.623661734955434
27.755469172253317
37.004277871081271
37.304136778903107
-10.126419905546678
129.582453646651629
-47.933624382271681
-61.373026581721838
36.845397941622977
-15.827113348097662
-30.818871838228898
-14.358036397616049
50.537881590979609
77.329081184159847
71.353718578679363
-3.960889807473878
-30.595778357026628
43.417203588273502
-33.243644455319242
47.209374709320286
-108.157770999308866
-5.350446064655594
-3.819843027989609
115.678691465702315
-176.766820795279500
30.360211088563208
-16.465978596696921
5.261525065181248
-88.721882631602114
39.353913082633696
82.250316158738897
-58.729349717192200
-20.869072012368445
81.469587004518175
-75.030398731436534
-9.228559895866400
-106.493984008243316
5.428073855970622
4.557914764697413
32.986715226444119
-10.747533714388052
16.325126169001145
64.312916493469928
-122.894820224146599
32.646825543914879
-44.860240796952510
-65.316402158734149
36.539288136894882
-117.192327979464480
-89.320603461453103
-95.294704089598582
32.374095094534262
-85.788558901601476
49.075856130460323
-29.280098306669000
-62.993236597650871
-105.394329856127555
51.904592831800883
-34.451827380950114
-56.333344801268765
48.159357883643487
138.665051470587429
-16.201928121470608
84.434404902587360
-3.804372400103123
80.291782744028112
15.665903417434359
-44.241224287260721
4.313878346996170
-37.686323708085517
-65.189097202625192
7.356689490216437
-72.689816352908053
130.581176578732027
114.645140515486318
-109.405236973893295
32.019508704666904
136.870149462627069
99.416459489206460
76.219190229859777
-11.317502390550867
112.348112127796483
17.377502484037450
118.395591344601002
55.341615884712965
66.727069666201231
4.206887550442196
-15.017203454121368
74.594322903641341
5.500611332593540
-59.391348305251057
-21.310867910425959
22.315745655786195
93.700513913827550
115.574534837355486
9.795161403652225
-19.455683409375823
71.359183997598180
17.659365809379889
105.398765541782126
-16.742709531659628
26.104386737588094
94.743908634338041
-56.284645430359348
23.564914476584772
8.741898817999964
3.813905045013881
-48.255314680514985
42.509988421330512
111.074738704265044
51.785054930195450
42.735267146012085
-48.686741877522081
14.833604023256800
99.237323191749198
60.907420205072256
-65.359213934704016
-37.629597185484677
17.472692730261290
-11.102028489352865
-70.217508859974771
76.774748117426114
9.488939344658826
-97.704504375109252
23.843263630875789
117.722103301503083
6.319166852341832
91.061026031607682
-7.764688528412035
-8.916415191145752
8.019569488281247
-96.194321318509921
-40.632133718450469
46.367025714471922
118.881892797547877
-78.394285476430895
65.454012839961607
104.727249042682345
76.406993109206965
-76.112779308539174
-67.113607776757988
11.138147298415888
54.486422068240600
70.238481081431303
63.365791023054754
-53.873404851300712
14.569891548416582
-66.764157670955527
-17.312097454893561
-48.018610998101643
20.456868872799319
24.510137329425181
76.372838739664843
92.616006360098211
62.356650222508421
93.414655554965606
-26.726708123897421
-56.426254032082817
112.473124820783880
-8.069879483024401
-34.273329560119798
41.674217202577246
109.902170194510163
-103.979877260809445
-3.628126904205033
135.179632392053634
9.414830197972790
-14.351815643010635
-131.993387514298689
-48.726623562741999
49.181056600054553
-93.078665071954646
78.629311788991714
92.877801500750223
57.170991055720314
64.426500634346780
-74.361776866839250
105.870533323698155
4.708303351484635
12.693315868562689
-118.826851479915703
-42.505326706405249
79.468584644188510
-35.483465369796775
6.409216143151518
29.644254764753857
66.213714182330719
-178.472872503998161
-88.284333688923525
-80.704146883294399
108.206737352656205
112.558013885851565
-19.691069711481084
47.000425611875976
0.632424694035848
-73.850672285009466
16.715977429985820
92.041332304618265
92.198470440802652
-99.190369107726724
-54.106845446242680
-10.801000429893763
63.261804941728577
30.767383237966570
-24.781734293716774
-17.448750175316555
-56.785835559844550
-76.536788839053230
-117.002705961694005
71.118789625097662
-79.008252370781904
-46.782468225218459
-10.666902509193555
-0.039823668865431
-7.898289657138990
-131.281318299315387
6.727787335173621
8.587689889096822
83.618555713546002
36.615885217493997
-85.455057050812414
91.826349350696447
114.940036398747381
50.137482239397883
43.413765220250809
-30.854305083771607
-106.882363247847820
81.771420637863926
58.788039345137470
10.971212632267299
-50.631886152532040
-89.124466657796020
-80.420573175166354
-60.140120476136993
76.421262218368753
-6.926445818907000
43.631904567657685
51.078530457685645
-66.500663112740554
-93.922883610638635
75.643349381622400
104.352608559304045
98.280251423414740
-152.143879984035749
17.048571607103099
-56.498879746359854
-60.299063998703723
-75.993437153337993
12.948406938832560
-38.724203930980885
16.824500165106929
-7.894364008502884
-44.900992905351913
115.051773043075286
30.613984635272693
32.319749555496216
-92.066170488718427
-67.964821879625376
-9.384401066703406
134.378016482744073
-35.199660904409619
82.253107100913610
74.326508442931967
-82.898119209015093
-25.560685913232088
-5.682968592645853
-17.388311267616139
-48.022111962276590
32.520130723136454
-14.324348826038648
54.435054363213517
-118.553057596670683
36.239538964822216
-34.808027200926020
60.382398728863194
-146.292067403694119
-70.653092439950242
-20.479160697936635
71.177919912538499
-42.910751829515959
43.955762428558181
-93.440684779466011
17.338170790952731
-86.402746395021566
-97.664391855795813
-15.032072471704648
-39.242227012849675
27.011511147225367
92.349651188095322
59.900615424709535
75.297162177633794
-90.288599716729252
-56.037360440641912
70.668371990855903
52.231283553763518
-60.744895674195291
8.522360990724485
97.021340963273786
87.847415285093248
-98.425623531689993
-104.976560421491399
135.256425518210165
20.507767511485536
-17.069539782141160
-41.616715152987311
167.603490417326924
120.288546094233254
6.954874140254180
-22.958085825227965
-9.413882440768289
76.940617369374110
-130.987173240923681
-90.013645101362272
40.093459662787190
-49.412394251451289
-24.546784462430839
60.044133055435829
61.626465547864051
98.490131248672000
-108.578959662030243
-142.600066736450060
-28.522832903565863
84.899553997106594
88.388549560036083
-62.321198819947867
71.797957273040268
-97.442804946380249
-154.457512348297740
-137.448075391328786
-28.697471301543768
71.434165420782932
23.723456230072472
-8.211167669355174
-10.612978503909265
139.728053628325711
-91.139283156805504
-44.203127337932393
-37.984597494733897
-65.802591018044239
-50.707843189950367
-111.617834584070195
91.571548307881741
6.892393010281949
-100.316952447515035
24.923711362517981
72.688974434231369
-39.104786610303371
-15.248530712121520
15.274947479626771
-16.265426665424471
-3.977710524199626
-171.978977755142438
13.638593938968526
-68.822510630676391
-69.690572313769820
16.518924962223984
-38.252562472716285
120.972663119968885
39.608272239072683
98.519854185658204
33.929706329147308
-69.116892254015156
62.376605094754112
39.195057472494248
-5.345617568362556
18.075251341446965
-72.765131889045918
11.661651474685128
61.168795617889664
-17.366854655018059
80.766053850076858
-7.083280387558549
13.207259459704312
55.363663624721134
92.559903509411200
-69.342736219455546
91.516554115780480
-37.640693868071651
44.345548907661694
-4.527491330239281
-31.001614404515458
24.241864820730044
-52.184703177907259
45.926885653734750
-49.464740150722314
-49.047484409492974
-30.750362894525548
-102.930122124015725
-152.181608098301268
107.747033856529441
-18.740281222624933
-63.794866968501843
40.481289950572425
-6.923619090750785
105.581792061285967
38.145096515031952
17.422781085254542
-89.260979371450787
149.763402739580386
54.225807067838097
80.118641538152474
55.838822946769135
99.910780028874242
7.739583334920859
-38.504833336123774
-50.948627255801263
-1.471242684671238
-26.161133218669239
-96.693298620854563
-18.725591356293837
106.859643445068315
-70.249320560300319
-95.916598909114626
-34.122171794724878
41.881092611100357
-6.687263078939935
35.715853541560122
-79.330596475701626
36.054199262520008
-118.398874591238325
-110.795172747518919
90.670912255914402
-32.689569512139094
-6.895049562164565
-48.598583703319328
15.481611942284150
133.146480930158390
42.045148906390111
-43.146306139308479
57.717075555537981
35.777366910628658
-77.622841254092961
-53.083656258852635
-11.454100549019657
-82.328665208426528
-115.040435579135107
-69.441484103126982
107.778104160453083
128.010824604880270
26.192568757212985
-97.909874946906882
117.881380679688036
13.566984197250440
-31.024709038185652
-17.287819438369020
85.151267742000087
16.623468094973585
44.218915634811168
9.262340361486826
92.370304902509289
75.340725927781449
-120.384913816198207
-12.169000997001728
-6.430366935919180
84.409300465413580
2.357353616558953
13.186417934250199
98.398169245489044
-58.305994464204346
-91.814579618651806
-102.172494704974525
-53.613453264063473
89.963610350789921
-41.880251892678686
71.132333962362807
123.964549162116626
82.888760197328281
-105.713712313769364
-76.897668794185122
7.344924447000725
53.482435016068443
21.920691810141591
-30.610467122332825
-64.256541658347771
-15.375221696847539
-131.015905245065028
-92.928936866882751
-79.832981412391689
-75.434580592663636
2.401645495924634
-119.050145002891242
103.188259802037734
66.967946315390975
-114.417102063920964
-32.777115490006928
88.237627321983211
-50.008032886831181
63.793353349569159
23.459204519116227
157.910363789906484
58.256590296012590
-43.574072447421415
-80.869600102106403
77.702356151360064
115.132740981801675
-85.034415067601131
-8.644914826498685
-49.801730891133161
71.686560793295925
-100.742676864765073
-38.101359757971963
84.420060294583706
-35.686937895468084
41.369088382257104
10.606432912745088
-47.603934277353559
29.176519383461081
-1.230850944001035
4.152927550392556
-39.890655362046139
37.121552860686101
-135.494939963155730
-76.015053749657611
91.039815620432989
72.327216315696859
63.624092549095515
-131.875689312930234
48.461492998248211
20.623540431750570
28.396035633979626
114.577536132959366
-2.582330692418589
-25.783125513033458
28.293813497057752
22.220673511926488
24.229524975305729
80.924056892020829
-58.304843692470882
-12.412420940693920
-47.164785311138473
113.092375144378380
-83.568235628436511
-60.658057790731313
114.355153756129198
82.161217427527873
-58.549416850873214
-22.982983115970452
18.774529963450515
3.320296608470898
-93.276880881110429
54.142540887517896
163.034919628343403
46.199324730957557
63.588010517809117
13.656417430649082
95.672010381861995
81.500351477871206
-59.490726133834443
14.107836914586043
-79.143493602765631
73.751478271982450
-104.477063518753624
43.149892774132191
15.913913369130867
126.546231668544166
-17.354724853659210
1.770149660867066
-5.042613410056535
-28.831201243688131
-92.320774712142111
25.704861988257321
60.132688995634176
42.329643645125806
-126.652487276485701
-40.341222347356798
101.827475146388565
148.954386781710866
29.753410157410613
37.591735090206043
75.893430527289524
-32.291359943806285
-86.694455690318918
14.586340135384512
152.817693254258131
-25.364654267167207
-66.204411503895130
-85.320420465211569
142.665220149119961
77.124446347163229
-32.528748694471794
-8.004229564381756
119.512622548291674
158.670386444175506
-99.926001340824300
17.693610649637971
62.271041766244075
-17.113920920925068
-61.750984841548750
-62.609400941491430
-10.868525809735594
101.170931152943481
-49.939509251885205
16.287790640775853
29.450330464855920
49.958763039394725
65.243683590159193
-44.416284338388486
-37.848755302599358
59.875133185735685
22.828917298421089
7.305282794932666
3.477292927509447
-7.020178747257588
-19.790523903854844
43.260911106373591
-13.072967430603317
-54.898271594351577
11.169839253178894
-60.796306746177457
135.239028431953642
-33.789213332742065
29.296384274382856
-55.194171470171291
9.576663091668005
25.141331164949406
-78.846046041788867
-17.328770963198586
-26.021263366412768
-26.523474799131002
-96.931136511307358
-56.270149686511402
-10.405631181121889
69.857540244468780
-90.792345729273663
-65.601281773380705
-6.499327032444800
156.860763725395998
-61.812438851516191
50.998243025590483
-35.804057405194435
-8.208890092272780
34.296011327191181
-28.394386926480244
63.698242013295634
7.782709510372004
98.639515075399871
32.996334883006014
103.748231715803314
47.425722833914563
-42.828164453800447
36.145569088605498
151.061186819897728
-32.677210341685573
-30.087907817777381
-66.721672423369228
14.985846883863315
-54.610569392684766
-5.427391836852936
34.261365025250285
-52.957302940653278
62.916646129291927
-153.367034647066106
16.585293965754019
-6.472392379462194
-51.507832024962383
-60.104993883617055
27.670598604716361
-59.591949068292408
93.131693855506427
35.768688986729565
-9.145474043582812
138.830451674057002
13.300312036124232
-0.556632037922657
-125.954061837659637
-67.002265693713895
10.134152417248716
-25.631316833057063
-68.691125290288440
103.649625135044701
106.931029612445116
-118.594620506617787
-106.792547108861555
76.686234460904572
8.126646100902807
-84.205682543068974
-6.120622799789126
180.581049712801843
-47.765887001204241
-55.926094600928963
-35.647768229331064
72.990162761244164
-15.151094134565268
-107.562871399529200
-109.959852055674958
32.671013477036112
-23.191135309918582
-100.063005780736233
-101.602659983670705
30.773853105160601
139.709583823456001
14.376191123668960
25.234920176044895
103.416482749791626
61.100488892250446
-24.887211509457991
-109.235652288464024
-104.312360309582104
144.674860130677843
-119.462060359024207
-33.506582590530286
19.561682028550845
-21.477858027570434
-2.909129588442213
-67.663849368323625
157.911266019619745
-14.596807096338145
32.602498377133891
-113.099828049916795
139.833799450795510
11.803208263197046
-131.774538403923145
-104.591181217485286
26.488914008684883
88.850883085950244
-71.398222409608053
35.731004888852866
120.455342985340721
24.611223887744256
-108.638694233939404
-150.262892393270079
29.877026017906047
107.429158997592666
13.585714407263236
-72.528543141538833
-19.007579458695769
108.786429411694002
-7.183178139489820
-48.522442593196494
124.869217834989982
41.066050486256067
-20.085583317878296
-10.192165083105532
18.170606832207167
46.745562971289736
-86.191651799061262
-13.235408101910556
-81.747682915998894
153.521912573455324
-157.365688301475245
-123.220124716054073
-49.451165648199961
6.691898733013103
-37.780002573211561
-55.736499638187325
-34.818016354870281
43.798875075832818
-84.023760889730724
24.245882924241982
82.592250697011366
121.717826801463403
-87.406416592839761
-72.801305207165413
9.581345030349253
120.490620970024580
-36.254304243746944
33.648942993618093
38.045213133173590
127.278188067945905
-57.653614056680233
-55.823292068310487
5.251735408801271
124.043919498438385
-35.968707932752515
-30.624842950203039
135.025989738682625
49.279686158241176
-13.758792728147734
-59.668612629885040
148.176782965504032
83.266788702551935
-3.765357152173516
-90.233280776983293
62.811135574147045
-1.348723072959797
-140.278600963759402
-108.849925409420081
3.252119881634477
31.247172229470287
-91.224336783945148
10.785096222635664
33.813515853729861
9.520974634195667
-65.478722587049504
82.506842416758516
42.880673902664846
-37.327095255506336
-34.281403076516114
-131.841813557475405
132.946568670272853
119.180715691859760
61.469255240451055
81.962104580779183
135.290793190285285
140.858167664288629
33.306896598231006
-129.052097838913994
115.788480270716960
76.234262203098538
-147.713851936299562
-137.379422191222318
135.499160335116329
83.603878348832353
-84.590905200822093
22.090351491805880
15.893415012464969
94.612046578017427
-30.114078199467361
54.936805876886083
-61.564297826674654
127.585254761208660
-199.701693426791451
-106.998068919858994
-7.642485029684745
14.136972072170098
-48.312173993901261
32.308214437511133
122.466747216808955
-37.545720311464578
-43.052924962645086
-116.611550225836126
39.187312564302957
-19.420366997738512
-9.572515056824384
-149.079182488859317
140.411590988954515
37.920308756488723
-32.888826049469444
21.099758431854951
98.218878974068943
162.960153790260421
41.470792103944234
-72.797301265685562
136.601002855368108
32.563357111282301
-55.328549261181394
-72.140355240736994
99.690116259131443
102.857269947569279
-16.498642558446292
44.380818311987341
86.644406241085633
14.006656466405421
46.846958746034311
18.124047407178537
103.450954398514142
57.647233104049256
-24.155209287262480
45.368129218938805
120.977561807445795
-35.612858253093769
-127.147609029068661
-79.067630834005286
-13.280897876350201
62.502709823636643
-75.216144163668005
30.801840381114879
162.067495103337080
-70.793573976814486
-28.008045919328325
-88.087193377125018
92.844968082947602
28.872129471063420
-142.610593652145639
-78.968958957267873
-18.975169143271959
-55.386515820445744
-124.702033970040844
11.967017877438485
-20.100944495670937
92.795380054518787
38.766636857391951
-75.229064323911231
64.292448169160281
184.098615824056509
-31.529698134759496
-24.087238302655368
-6.264537673979984
5.412350794136612
-170.234674659595271
-122.555205507194245
10.722102485526174
38.382405624513368
-24.683856755278615
-94.074751844306434
20.304944659849209
47.116153634907327
53.958044599401937
-160.532755268006440
39.899542910782387
50.265979223932788
-55.812168150084304
-141.228176093298742
133.522600032282782
-56.288232970190890
-94.460068099053956
-7.086249860349903
60.620948079453584
154.506001746616505
-43.263867360389312
-120.837600937781787
34.528222260626137
104.921646624305836
-102.669969682809196
9.916429149915786
101.020135041542957
69.017502529546007
-8.877635377863035
-90.005330700674079
53.785279022006250
54.895034009143743
-169.461888456195311
-33.538278524132082
92.520589498715893
197.445759155565526
-80.592897839677477
-129.752237640471208
-33.802813350634949
-26.247579624746884
-92.254374333600467
-122.046233856388525
101.908511205859241
71.055983943517091
67.873379293972775
11.761286007905156
73.915719844542252
-23.558828548690407
-34.893651585798771
-90.039467122076545
-13.600632275421626
50.289600828493072
-53.537995196981775
-3.232554258704400
148.023730997270803
84.194364013716623
5.980971139841108
-89.938454364677241
91.394800009650368
92.036650592984998
-58.572408304774434
6.063932820442785
-4.128335224176037
158.501186263931373
-137.719668800472220
-29.430939944558780
110.569122248641193
-88.716590648553833
-101.667658317593478
53.441833762179449
168.267710830866832
109.233692948986558
-87.835582733803690
-130.899924154483330
28.626480553262358
134.447997361924280
-124.888354346230685
-160.385498771688077
65.426779241334472
-64.736373191996236
-39.743623381705682
-26.466833913128465
-49.484655962833415
98.885618688472547
-43.104736073502885
29.022730907343320
-21.084839601884411
137.564397141264664
9.698478329191172
-159.541391157800803
-13.349633401942423
69.354878955999865
-38.420236153820255
48.851517554093121
66.833855818934978
86.657067862473951
6.512277268243439
-100.199888177755597
121.799935275906435
147.783469154006013
-72.604642435406006
-81.171956874080379
45.619704920738457
-59.771056606443210
-155.432438404347010
-0.524444029897053
51.968888725530313
143.514322799398002
-76.700816537894298
19.031289319120489
139.725618146581667
30.661848995670177
-141.599397579032797
-1.136120152632277
94.603859975487453
134.910341106183438
-114.911497582959527
114.706914782031475
-4.164776425220490
142.835520914230358
6.185149837329496
-50.960772271173163
161.261067198886707
-9.922108535920334
-87.995191021245148
-103.857602422709604
7.949582231877423
-6.871067387566127
-86.246032163848994
-43.813755011760563
95.237530593987756
94.892535521578523
-9.659076212669444
-26.517716367062764
172.089779566798370
-40.397385257321702
-139.228855925583161
-44.276912875719489
-5.073082824636572
34.872163146328049
-104.111665825081602
-26.470638133486037
104.396167058616044
-82.836986624766539
31.821841226033747
-8.707084431830662
145.497146529414664
-28.519632775624991
-22.805341313584453
-37.842523014373441
78.253152939715889
86.066893417542730
-4.401525896681821
4.957038251043231
126.180754627737315
10.903836414321376
-128.881505824914399
-0.890472370658772
65.581405551247158
141.759736898103284
-173.645796326294430
-164.197402879659876
174.527134068790957
123.209396192818318
-162.133248655208547
-45.605548499666384
139.320579881915876
112.119354014008479
12.769254032571691
-92.757072928857312
88.127718411687184
130.111641767844873
-84.902470013589891
-95.300817213705756
0.631252572763312
7.631936076903714
-97.181679194486321
-115.065488588101601
-32.132648453087093
-38.262214441584760
-31.891790859257707
-21.826237629089125
45.462929070482922
112.186524299128720
-176.211859942350515
10.617348978301994
96.477520459691149
52.117629568083466
-147.321440095481307
-77.571728544520809
68.740394539129653
122.146600380089183
-190.355545297319310
-105.271595856842225
42.543892036980047
157.316989451118189
-27.078268646340931
-37.602313469284709
171.798896629471813
132.167887761646142
32.635906462013686
20.597781157336449
22.163299037666860
121.934232684404734
-171.356188314437475
-4.314863075939521
124.188472968051286
66.055263462660534
-78.550424795130539
-134.874858544604166
35.491376243736752
79.510974655999476
-84.974049104629472
-120.628031532148967
-11.312209995122636
110.678541611765084
-95.023048450587652
-86.145184212046942
-47.368909685259680
110.164151979945714
-61.774339722949719
-155.061094565014514
125.059461807908875
37.102082966388267
-102.035118644009842
-97.612602965430682
49.994621805048013
-3.955413930285509
-44.270183718293147
-43.261604067005806
24.393904643510687
71.350144190786480
-5.341427141216523
-27.557127416476170
159.031993632211140
-3.370693010087976
-124.505129003699665
-78.429299820657022
-28.173203517860848
159.761260028580551
-154.695312187690547
-48.549983766719230
128.293284963056919
43.943348529207171
-87.101791738369371
43.321687179740763
138.862317353435770
23.115296607460731
-152.562578410018887
-155.672116033345787
42.837677876887170
109.756624571789402
-17.624644812600394
-87.561735932655665
171.470816942947522
70.786241081763492
3.338389766782393
5.169966770627552
35.760693629792939
144.635293780419801
-77.329239622556670
-117.588096297614726
82.386384038333063
126.412175271715995
-150.065969048800667
-33.333596387034603
-16.133696024840912
70.954176287597093
-90.070627263593693
29.193747063125013
4.135874660733621
21.506471176898167
-148.192702483980440
-92.431826293956405
26.680113264477807
-16.856493056576959
-7.791654983768403
-69.450223328069399
197.268081546834310
-25.206236374502140
-39.397521124224049
-106.752445859268363
46.126731304929791
-13.973474129386068
-7.074846038094021
-74.808381620380302
20.671092050869451
-41.805698740542034
-130.423566699318599
-70.822218150882534
134.718834703819368
88.698147061060624
-120.704349451765083
-10.871279915279146
-10.625049350587764
139.094290899130357
-161.632968613069181
-130.270953962551630
95.079126167996080
-6.918383885509548
-48.093299383244329
-168.443094520557679
-10.189829861529608
91.297659008032966
-87.336025481082160
-34.210755406280008
87.529224357697373
60.835817138134587
-95.773842177993259
-182.995250182933233
45.552761869590725
133.123845419432485
-151.080414922296114
-55.432129526513513
146.208845401264796
-30.050480196739588
-23.528370982509205
-67.425698087378422
-53.295717755131989
-10.025838856085210
-41.217430570418443
-37.053045887782318
28.524689247723785
26.094558629119661
-129.028229197046187
-175.097017975622350
107.409239343060435
-17.404006955335607
-42.692922618125117
-52.381210250154126
25.606038115431559
22.939201713097269
-58.472986279253824
16.653031173091168
43.031288717365776
115.600960018316542
-142.116110993586886
-104.896541596612195
17.418261871121903
131.385851371433262
-168.821353599373140
-146.887276863166363
121.336064765583714
-63.351940406323010
-158.814599121514703
16.324348118468095
95.677956360748510
29.406145207468008
-63.269283785061006
-19.501423305503639
148.195793721098511
19.910712404633983
-161.321380768123021
54.798774568917615
111.571240724022246
163.957251971051704
33.547806635531579
-140.808299729910999
45.052015924521250
94.803330567231427
42.337354344728858
-147.550848595368166
110.567126902086883
89.613193497953347
-12.364428176436526
-88.537467135686597
-44.883768281828800
135.476874305956869
-137.318305712181882
-33.885690885775446
43.939808173701607
186.108077773469290
24.959908261007225
-18.684325072125411
56.663428036215421
59.827452274654085
-16.935708629747193
-76.478913629956480
27.204890458791485
102.733339147527317
-164.285570247745568
-83.573147744684732
30.290149375053048
-12.199800619466526
-104.976027132956162
-117.146274756186358
114.047445373042322
147.913734254921451
-115.923393421101466
-160.214210348823201
29.270838389203448
158.541573698409707
-97.744470383979447
-135.709187595337454
51.691514029079606
63.703585702879487
-95.305511840139104
-31.054721789964574
141.561008701749273
51.268897257568895
-3.688566362302248
-111.773493472174565
86.645412217067530
71.246395423568472
-103.536535524545386
-5.425336434157499
90.746827257239289
26.741414414092890
24.285450319101741
-51.702052980854965
137.515976366523972
29.761215642037644
-186.181755608065714
-105.597124822492077
206.377225846184075
47.271682841251803
-34.581433505817053
6.546417631705700
-26.381518866083962
77.764528138265803
-40.602241225835726
-194.632646129902867
26.064046813935807
220.149299380005289
-27.808716306613029
-78.946933525934853
187.172447106131756
157.087021288510670
-34.318799384661325
-58.247072220232461
73.597152681865651
127.685444109829746
-68.472084294384516
-53.543163099744419
76.897619705599766
78.081532727435814
-139.498170650724148
-54.096984978196474
42.716155983142727
68.491827714617173
-66.272292864210058
-79.105684956436704
34.155858593538262
121.272906721144622
-102.727276738837915
-46.877503735892603
127.533448660846162
167.775941179000768
-72.461223053485725
14.065265451402430
23.781237563048823
140.306855082360187
9.822422614029559
30.727660341690672
-11.585418548672946
76.876952081492192
-70.825934063995959
-12.361800281487000
89.036580634744269
166.425400787797230
3.807088148084780
-87.411163445515655
32.865447468643765
25.062028054493481
-14.746170034337345
-173.781590443887865
-52.019755335167083
53.578243985255511
-24.279093968443920
-94.331506222176543
73.385897032244415
-2.957025026999340
-13.205861294202119
9.418694921476852
185.508429319066892
135.873530611726011
-64.959966602767253
-138.484805442091954
159.351556649869707
18.106082488880428
-80.021518448247335
-36.285322227772461
63.575348212454607
133.899992076234270
-96.026220373778045
-209.998654292454120
137.269240240335165
183.570200696479134
-144.043669258944874
6.936717714555244
23.228186020141568
86.627740559202934
-53.633709662766215
-110.592312807438475
-51.685565297915531
59.270841524627080
-35.752344584833672
-144.958321947103428
67.279008704559359
119.667124450954844
-48.423142145937085
14.281577257669236
96.618164957113223
39.776298800017607
-194.239540353641132
-59.675083850205567
17.979663371307598
132.579462086749686
35.165980796421671
-60.838715921956883
7.248274878598970
19.583659832600649
-102.511314432738885
-25.596294373745849
40.761185591730495
128.588276494661528
-30.466546787616075
-75.868948776758103
149.096741517976028
89.095101711942959
30.973666121405948
-164.810204611449365
101.415440088961958
78.780053709446577
-138.293192419068305
-16.529760746220393
106.966872735148684
184.754087689021190
-88.001282807528412
-123.416350041856120
-2.251850016914394
108.823615296989644
-69.712815345329545
-58.701028371401293
2.138269166412387
-7.138337103186122
-117.977089189798235
-171.982099852831766
132.008499128622333
10.288674208366720
-132.523850538191283
-109.503523898593201
153.472025054816726
36.164453357244163
-157.576291936932080
-75.759798154125903
150.353425402220637
-24.863069209215471
4.117729675677665
-47.757052775821123
76.440858622167340
-30.382172657185439
-64.676808888849308
49.964074736604161
78.778133815255075
123.098676101641587
-48.540558642198683
-149.016860883025942
37.268160918048686
100.456745947320599
-41.123591655633135
-169.224704196835091
179.322799199895428
17.327445081620763
-42.079832010518174
-82.274969168465333
183.279769099492313
58.452010058902161
-48.899651518863045
-61.493740392931151
47.610981295719043
4.774692715415296
-148.588594987191243
3.380559705402304
155.296320442093304
28.852783529441748
-178.266373227578271
41.654667514992802
124.230249245907956
169.961022092878892
106.996295897919438
-147.009322977051568
-20.536270098100839
157.490195843205470
-28.255119145017503
-132.337248646677438
156.284290967124548
51.913879053723122
-129.131481073187302
16.476729980536319
63.375132087408041
-42.448584411219421
-45.320372459188953
-143.221687741165198
159.527379741060543
24.781363646573187
-149.325967647904264
-135.152534145981036
212.044694671971030
134.531665079746517
-11.511555947643345
-11.363445191049600
148.784892835861967
121.060762335984876
-67.360387033904885
-89.161043980284546
201.495418112007002
122.173020393471603
-192.259929818138801
-73.465984424147265
158.498246329114266
98.823218685678427
-43.368025011006736
-71.993506680593640
42.923130711717739
144.308070950029986
-161.863618816785106
-89.780082204281371
169.153283404889123
94.656085855289930
-171.061418397701232
-17.175706289690563
88.335029694066861
-41.384666338505241
-5.514748441770667
-51.489543507889742
149.262286318558580
169.364589675472558
-141.783564015861089
-18.715492641232480
77.441260061195450
41.277571910617645
-169.689013690175528
-130.229185129310792
109.038835252491523
183.645575978476330
-45.561359462478528
-48.217341321112286
125.505163639060626
108.521269622219833
-148.783480556638722
-195.860036576951870
74.685973126148710
83.425290905192114
-111.323537494344095
-10.666137433909125
111.389810411133837
96.772046843394747
-68.600941109858510
-74.116970101166643
115.291942716751862
12.928122308445127
-19.758963227670481
-216.127656104689436
154.146964811356241
-0.065793468509808
-14.112896438609727
-102.003904404016239
-27.748632277833039
62.509406033696287
-201.976222764730238
-53.809724398713563
150.355741440115310
113.462779350924038
-69.615569648476352
-90.701639115902111
13.630529183610207
106.670545917207164
-100.946330358574826
71.380563308642749
166.533227640287322
44.037299401713440
-14.763201591091478
-142.099794065814166
138.746992416653285
137.545909088516964
-162.042880966026075
-128.119567430659771
36.312245310972301
30.635375077108751
-123.205277970330002
2.496100140548970
38.620592291553891
100.146918580514438
-168.817118432272167
-41.092723646983991
105.719884517338954
16.225067871444615
-137.476685952853870
-160.528198792000893
140.922302165622483
95.395701151088005
-143.977076439339214
-16.283762222491667
75.136192926865434
187.839306863183197
-67.782836086877609
-93.409065694287222
158.307180345669508
90.580246140048089
5.583915058918212
-180.863746122081011
173.467059028805323
121.574790500363505
1.915665651554194
-116.658117120227999
10.620225598610872
121.877934798334323
-35.526205050984700
-97.168945127400420
133.094900960368392
88.027227340631200
-85.098764784289600
-120.859355428650474
196.318989166918868
46.850686550951536
-102.057827413163238
-174.629560139566053
77.812919413168032
20.938914126956856
-35.605183198418977
1.678476575294943
211.816299181397653
164.257963711471888
-16.555799055956257
-40.545545310459694
95.316454469316625
101.313015131427278
-34.173715726617651
-135.071855633507226
149.730218436296951
69.745222339512821
-6.634690630952798
-32.200350680806409
99.304857512885746
69.857595106287832
-136.906863087101726
-68.574728001119610
44.959911783676745
166.066367742980702
-91.118388114767754
-120.121936542407823
145.457023028279394
173.579565314439321
-177.186468603076349
4.272573158816443
44.250957614962779
177.497866505038871
-104.108950497818242
-136.121521967069810
185.749862851243847
172.072339930583951
-47.893683215611979
-95.251381213420188
133.041327711612723
13.618196975555181
-132.866994946150470
-127.590689651302441
114.651046774872881
63.029501896230393
-151.044815095611085
-180.715706678683603
53.816964911220722
171.554976122323154
-85.800397180186138
-133.050939674483345
54.042431442875404
171.323732622701357
-93.198808967008233
-112.203528772488994
119.577621184648123
177.803397442770972
-63.518224593581579
-110.534825123708160
198.788618003379952
208.775426575039148
-10.913453335096564
-187.474800493384890
100.856692251210006
204.329878636495607
-45.727420801475802
-75.365631876493552
176.397810884872825
190.554174130833587
-2.860938225157549
-133.673322731115917
81.280144661046108
157.394084564973070
-87.869589502516902
12.639654920381425
131.186572194378641
29.210989497411845
-61.056528351558889
-63.598741748283352
67.536528407590552
163.164651500314079
-69.407638016539480
-67.833210684997638
22.236144643224780
110.495713539387239
-99.294366109820032
-156.467348734012347
151.730329568846486
139.698459097444953
-109.956300457244325
-103.618161615741045
47.586724693818859
44.064344890495562
-97.678499148040288
-120.081669922156294
100.646398054166866
68.527376244969844
-74.546628377797333
-70.570367388053342
71.065458183708003
170.570841647294031
-145.253725747872409
-196.436516772995276
72.247727210569693
85.180544855988188
-107.072718494565763
-116.271470600295586
181.293350585901436
114.848688297822875
-130.138013352328784
-163.375621818352840
140.127249244848883
33.322336909844090
-57.724050922690360
-163.684966066226707
23.484734138428763
-16.318246438539347
-112.070454798108798
-98.176475870029918
154.789691137703983
126.454522976701966
-62.838433175344562
-145.277441223103921
25.394669360268260
170.845830279880147
-107.851321972805366
-10.553260089803832
27.727628127523548
126.731919118158913
-182.677803816031997
-174.227673527899810
35.391549707955235
62.548959574567874
-65.228511460617042
-123.325674000560440
166.311343914094266
90.092952500833363
-73.630871927199621
-33.820125660555661
138.677701025856720
185.494671651115283
-184.805445195794078
-17.257022442831875
86.261881714729071
186.093573754052130
-105.476320620845243
-1.282417848533608
69.332581365088416
40.802232349157947
-143.736930101930795
-172.840586256102995
126.080227545591285
54.527758021529671
-136.482471104152125
-119.941860517392044
-8.190531468058179
214.048206749530436
-42.480167145392493
-174.033739165311886
159.304738081749207
79.083952795643242
-203.004950554388728
-106.865599545263805
70.754932180163522
120.253529329950283
-41.225074895572341
-84.915374322578870
131.859625578974970
132.937973899477782
13.152873619485671
-136.819937431934250
177.895931504053408
31.465193060241575
8.763618590621343
-14.431451917295703
110.391122660608346
17.605079108673369
-64.427846504731676
-43.233031921474897
230.339056822776797
172.706880018347107
-136.880272858309723
-90.431192025753901
90.669971231327253
186.097078537307880