-51.832756042480469
-59.324481964111328
41.230895996093750
-6.238752365112305
-59.384269714355469
20.416519165039062
43.781696319580078
-29.337978363037109
6.317914962768555
-90.648437500000000
-6.165738582611084
69.856262207031250
48.931884765625000
13.556138992309570
17.017765045166016
30.076549530029297
149.613601684570312
61.026592254638672
24.434600830078125
80.413322448730469
72.956253051757812
20.441299438476562
-64.321105957031250
-24.199371337890625
89.272209167480469
60.819290161132812
114.211738586425781
69.763641357421875
-43.527519226074219
38.382667541503906
-33.418498992919922
30.102367401123047
-16.073143005371094
67.010185241699219
-29.362934112548828
-81.184921264648438
-57.675884246826172
-51.912204742431641
139.626815795898438
-31.703445434570312
-53.331005096435547
106.110176086425781
27.295143127441406
-30.462795257568359
61.380744934082031
-29.882234573364258
58.032131195068359
107.567474365234375
-29.821338653564453
52.561801910400391
-49.891506195068359
-54.980728149414062
50.272003173828125
48.856300354003906
46.457275390625000
11.899733543395996
-92.119361877441406
-22.698728561401367
80.299911499023438
-51.980972290039062
-72.087997436523438
-54.550735473632812
-62.063262939453125
-65.534347534179688
35.831832885742188
-84.893013000488281
-3.559090614318848
56.525466918945312
35.960624694824219
35.617023468017578
86.997009277343750
-14.500833511352539
-55.544948577880859
52.575019836425781
53.426940917968750
-63.590782165527344
83.503173828125000
27.351545333862305
-52.656085968017578
-32.306735992431641
61.947689056396484
18.097671508789062
17.768367767333984
100.590942382812500
-65.383827209472656
49.028594970703125
108.799026489257812
-94.372520446777344
-73.104248046875000
2.274832248687744
40.157260894775391
41.338619232177734
-93.221160888671875
51.909297943115234
70.573806762695312
37.431846618652344
91.790374755859375
0.880720376968384
-55.483631134033203
44.524223327636719
-0.661373019218445
4.895484447479248
-61.594627380371094
-37.869617462158203
69.168945312500000
81.314826965332031
-45.401504516601562
57.072673797607422
60.789608001708984
-94.164718627929688
39.139160156250000
1.402893066406250
-98.115539550781250
89.425559997558594
72.072715759277344
68.962028503417969
-121.653045654296875
30.312019348144531
93.881607055664062
50.593421936035156
-76.826568603515625
-65.741928100585938
104.375625610351562
-35.553028106689453
76.449699401855469
-79.556571960449219
-36.127254486083984
-23.656618118286133
45.503139495849609
103.988784790039062
25.035640716552734
-19.139299392700195
-30.079210281372070
-94.635810852050781
-130.195449829101562
-125.604690551757812
-89.065345764160156
-39.052845001220703
2.417239665985107
129.983276367187500
98.919105529785156
-76.719635009765625
63.680877685546875
26.008434295654297
-42.618774414062500
-21.204202651977539
87.681175231933594
-58.959514617919922
-4.458548069000244
32.162864685058594
-19.313428878784180
-57.831710815429688
4.009868621826172
-29.982208251953125
41.140953063964844
-42.258239746093750
-103.260765075683594
36.251197814941406
28.294223785400391
-30.796819686889648
-54.088550567626953
-7.768332004547119
65.276145935058594
-37.491992950439453
-112.245864868164062
30.241580963134766
-21.027568817138672
8.689069747924805
12.762925148010254
-79.907424926757812
-20.989112854003906
35.928649902343750
-65.053398132324219
-63.416141510009766
-10.572298049926758
-76.855026245117188
-39.574012756347656
32.038948059082031
40.056938171386719
54.755397796630859
-105.606742858886719
-49.982654571533203
-33.075237274169922
-52.195148468017578
24.192655563354492
-70.610130310058594
-127.065155029296875
129.515747070312500
56.046428680419922
-28.639324188232422
-86.905517578125000
-56.465167999267578
45.354251861572266
-8.186622619628906
-55.507732391357422
14.004322052001953
-83.153846740722656
15.818090438842773
-7.119371414184570
53.651535034179688
-35.881160736083984
1.704237222671509
51.585514068603516
78.647483825683594
-66.038780212402344
34.780849456787109
73.119796752929688
-10.918438911437988
-62.454803466796875
32.854980468750000
-15.944711685180664
35.993137359619141
38.213401794433594
56.794788360595703
-2.305613517761230
-111.531654357910156
-120.330535888671875
-111.040489196777344
-77.155349731445312
-4.259339332580566
-101.244728088378906
-106.123664855957031
30.255468368530273
34.504276275634766
39.804138183593750
-12.626420021057129
132.082458496093750
-50.433624267578125
-58.873027801513672
34.345397949218750
-13.327113151550293
-33.318870544433594
-16.858036041259766
53.037879943847656
79.829078674316406
73.853721618652344
-6.460889816284180
-33.095779418945312
45.917201995849609
-30.743644714355469
49.709373474121094
-110.657768249511719
-2.850446224212646
-6.319843292236328
113.178688049316406
-179.266815185546875
32.860210418701172
-18.965978622436523
7.761525154113770
-86.221885681152344
41.853912353515625
84.750312805175781
-56.229351043701172
-18.369071960449219
83.969589233398438
-72.530395507812500
-6.728559494018555
-103.993980407714844
7.928073883056641
2.057914733886719
35.486713409423828
-8.247533798217773
13.825126647949219
61.812919616699219
-125.394821166992188
30.146823883056641
-47.360240936279297
-62.816398620605469
39.039287567138672
-114.692329406738281
-86.820602416992188
-97.794700622558594
34.874095916748047
-83.288558959960938
46.575855255126953
-31.780097961425781
-60.493236541748047
-107.894332885742188
49.404594421386719
-36.951828002929688
-53.833343505859375
50.659358978271484
136.165054321289062
-13.701927185058594
86.934402465820312
-1.304372310638428
77.791786193847656
18.165903091430664
-41.741222381591797
1.813878536224365
-35.186325073242188
-67.689094543457031
9.856689453125000
-70.189819335937500
128.081176757812500
112.145141601562500
-106.905235290527344
34.519508361816406
134.370147705078125
101.916458129882812
73.719192504882812
-8.817502021789551
114.848114013671875
14.877502441406250
120.895591735839844
57.841617584228516
64.227066040039062
1.706887722015381
-12.517203330993652
77.094322204589844
3.000611305236816
-56.891349792480469
-23.810867309570312
19.815746307373047
96.200515747070312
113.074531555175781
12.295161247253418
-16.955682754516602
68.859184265136719
20.159366607666016
102.898765563964844
-14.242710113525391
28.604387283325195
92.243911743164062
-58.784645080566406
21.064914703369141
6.241898536682129
1.313905000686646
-45.755313873291016
40.009986877441406
108.574737548828125
54.285053253173828
45.235267639160156
-46.186740875244141
17.333602905273438
96.737319946289062
58.407421112060547
-62.859214782714844
-40.129596710205078
14.972692489624023
-8.602028846740723
-72.717506408691406
79.274749755859375
6.988939285278320
-100.204505920410156
21.343263626098633
115.222106933593750
3.819166660308838
93.561027526855469
-10.264688491821289
-6.416415214538574
10.519569396972656
-98.694320678710938
-43.132133483886719
48.867027282714844
116.381889343261719
-75.894287109375000
67.954010009765625
107.227249145507812
78.906990051269531
-78.612777709960938
-64.613609313964844
13.638147354125977
56.986423492431641
67.738479614257812
60.865791320800781
-51.373405456542969
12.069891929626465
-69.264160156250000
-19.812097549438477
-50.518611907958984
22.956859588623047
27.010137557983398
73.872840881347656
95.116004943847656
64.856651306152344
90.914657592773438
-29.226707458496094
-58.926254272460938
109.973121643066406
-10.569879531860352
-31.773330688476562
44.174217224121094
112.402168273925781
-101.479873657226562
-1.128126859664917
137.679626464843750
6.914830207824707
-16.851814270019531
-129.493392944335938
-51.226623535156250
46.681056976318359
-90.578666687011719
81.129310607910156
90.377799987792969
54.670989990234375
66.926498413085938
-76.861778259277344
103.370536804199219
2.208303451538086
15.193315505981445
-116.326850891113281
-45.005325317382812
81.968582153320312
-32.983467102050781
8.909215927124023
32.144256591796875
68.713714599609375
-180.972869873046875
-90.784332275390625
-78.204147338867188
110.706733703613281
110.058013916015625
-17.191070556640625
44.500427246093750
3.132424831390381
-71.350669860839844
19.215976715087891
94.541336059570312
94.698471069335938
-96.690368652343750
-56.606845855712891
-13.301000595092773
60.761806488037109
28.267383575439453
-22.281734466552734
-19.948749542236328
-59.285835266113281
-74.036788940429688
-114.502708435058594
68.618789672851562
-76.508255004882812
-49.282466888427734
-8.166902542114258
2.460176229476929
-5.398289680480957
-128.781311035156250
4.227787494659424
6.087690353393555
81.118553161621094
39.115886688232422
-82.955055236816406
94.326347351074219
112.440032958984375
52.637481689453125
40.913764953613281
-28.354305267333984
-104.382362365722656
84.271423339843750
61.288040161132812
13.471212387084961
-53.131885528564453
-86.624465942382812
-77.920570373535156
-57.640121459960938
73.921264648437500
-4.426445960998535
41.131904602050781
53.578529357910156
-69.000663757324219
-91.422882080078125
78.143348693847656
106.852607727050781
95.780250549316406
-149.643875122070312
14.548572540283203
-53.998878479003906
-62.799064636230469
-73.493438720703125
10.448407173156738
-36.224205017089844
19.324501037597656
-5.394363880157471
-42.400993347167969
117.551773071289062
33.113983154296875
29.819747924804688
-89.566169738769531
-70.463699340820312
-6.884401321411133
136.878021240234375
-37.699661254882812
84.753105163574219
71.826507568359375
-80.398117065429688
-28.060686111450195
-8.182968139648438
-19.888311386108398
-45.522113800048828
35.020130157470703
-11.824348449707031
51.935054779052734
-116.053054809570312
38.739540100097656
-37.308025360107422
57.882400512695312
-148.792068481445312
-73.153091430664062
-22.979160308837891
73.677917480468750
-40.410751342773438
41.455760955810547
-95.940681457519531
19.838171005249023
-83.902748107910156
-95.164390563964844
-17.532072067260742
-41.742225646972656
24.511510848999023
89.849647521972656
62.400615692138672
72.797164916992188
-87.788597106933594
-58.537361145019531
73.168373107910156
54.731285095214844
-63.244895935058594
6.022360801696777
99.521339416503906
90.347412109375000
-95.925621032714844
-107.476562500000000
132.756423950195312
18.007766723632812
-14.569540023803711
-44.116714477539062
165.103485107421875
122.788543701171875
9.454874038696289
-20.458086013793945
-11.913882255554199
74.440620422363281
-128.487167358398438
-87.513641357421875
42.593460083007812
-46.912395477294922
-22.046785354614258
57.544132232666016
59.126464843750000
100.990127563476562
-111.078956604003906
-140.100067138671875
-31.022832870483398
87.399551391601562
85.888549804687500
-59.821197509765625
69.297958374023438
-99.942802429199219
-151.957534790039062
-134.948074340820312
-26.197475433349609
73.934165954589844
26.223455429077148
-5.711167335510254
-13.112978935241699
137.228057861328125
-93.639282226562500
-46.703128814697266
-35.484596252441406
-68.302589416503906
-48.207843780517578
-114.117835998535156
94.071548461914062
4.392393112182617
-97.816955566406250
27.423711776733398
75.188972473144531
-41.604785919189453
-12.748530387878418
12.774947166442871
-13.765426635742188
-6.477710723876953
-169.478973388671875
11.138593673706055
-71.322509765625000
-67.190574645996094
19.018924713134766
-40.752563476562500
118.472663879394531
37.108272552490234
96.019851684570312
31.429706573486328
-66.616889953613281
64.876602172851562
36.695056915283203
-7.845617771148682
15.575250625610352
-75.265129089355469
14.161651611328125
63.668796539306641
-19.866853713989258
83.266052246093750
-9.583280563354492
10.707259178161621
52.863662719726562
90.059906005859375
-66.842735290527344
94.016555786132812
-40.140693664550781
41.845550537109375
-7.027491092681885
-28.501613616943359
26.741865158081055
-54.684703826904297
43.426887512207031
-46.964740753173828
-46.547485351562500
-28.250362396240234
-100.430122375488281
-154.681610107421875
110.247032165527344
-21.240282058715820
-66.294868469238281
37.981288909912109
-4.423619270324707
108.081779479980469
40.645095825195312
14.922780990600586
-91.760978698730469
152.263397216796875
51.725807189941406
82.618644714355469
53.338821411132812
102.410781860351562
5.239583492279053
-36.004833221435547
-48.448627471923828
-3.971242666244507
-23.661132812500000
-99.193298339843750
-21.225591659545898
109.359642028808594
-72.749320983886719
-93.416595458984375
-36.622173309326172
39.381092071533203
-9.187263488769531
38.215854644775391
-76.830596923828125
38.554199218750000
-115.898872375488281
-113.295173645019531
88.170913696289062
-30.189571380615234
-4.395049571990967
-51.098583221435547
17.981613159179688
135.646484375000000
39.545150756835938
-45.646305084228516
55.217075347900391
33.277366638183594
-80.122840881347656
-50.583656311035156
-8.954100608825684
-79.828666687011719
-117.540435791015625
-71.941482543945312
105.278106689453125
130.510818481445312
23.692567825317383
-95.409873962402344
115.381378173828125
16.066984176635742
-28.524709701538086
-14.787818908691406
87.651268005371094
14.123468399047852
46.718914031982422
6.762340545654297
89.870307922363281
72.840728759765625
-122.884910583496094
-14.669000625610352
-8.930366516113281
81.909301757812500
4.857353687286377
15.686417579650879
95.898170471191406
-55.805995941162109
-94.314582824707031
-104.672492980957031
-56.113452911376953
92.463607788085938
-44.380252838134766
73.632331848144531
121.464546203613281
80.388763427734375
-108.213714599609375
-79.397666931152344
9.844924926757812
55.982433319091797
19.420692443847656
-33.110466003417969
-61.756538391113281
-12.875221252441406
-128.515899658203125
-95.428939819335938
-82.332984924316406
-77.934577941894531
4.901645660400391
-116.550148010253906
105.688262939453125
64.467948913574219
-111.917098999023438
-35.277114868164062
85.737625122070312
-52.508033752441406
61.293354034423828
25.959203720092773
155.410369873046875
60.756591796875000
-41.074073791503906
-78.369598388671875
80.202354431152344
117.632743835449219
-87.534416198730469
-11.144914627075195
-52.301731109619141
69.186561584472656
-98.242675781250000
-35.601360321044922
81.920059204101562
-33.186939239501953
38.869087219238281
8.106432914733887
-45.103935241699219
26.676519393920898
-3.730850934982300
6.652927398681641
-37.390655517578125
39.621551513671875
-137.994934082031250
-78.515052795410156
93.539817810058594
69.827217102050781
66.124092102050781
-129.375686645507812
50.961494445800781
18.123540878295898
25.896036148071289
112.077537536621094
-0.082330703735352
-23.283124923706055
25.793813705444336
19.720672607421875
21.729524612426758
83.424057006835938
-55.804843902587891
-9.912421226501465
-44.664783477783203
110.592376708984375
-86.068237304687500
-58.158058166503906
111.855155944824219
84.661216735839844
-56.049415588378906
-20.482982635498047
16.274530410766602
0.820296525955200
-90.776878356933594
51.642539978027344
160.534912109375000
48.699325561523438
61.088008880615234
16.156417846679688
93.172012329101562
84.000350952148438
-56.990726470947266
16.607837677001953
-81.643493652343750
71.251480102539062
-106.977066040039062
45.649890899658203
18.413913726806641
124.046234130859375
-14.854724884033203
-0.729850292205811
-7.542613506317139
-31.331201553344727
-94.820777893066406
28.204862594604492
57.632690429687500
39.829643249511719
-124.152488708496094
-42.841220855712891
99.327476501464844
146.454391479492188
32.253410339355469
40.091735839843750
73.393432617187500
-29.791358947753906
-89.194458007812500
17.086339950561523
155.317687988281250
-27.864654541015625
-63.704414367675781
-82.820419311523438
140.165222167968750
74.624443054199219
-35.028747558593750
-10.504229545593262
122.012619018554688
161.170379638671875
-97.426002502441406
15.193611145019531
64.771041870117188
-14.613920211791992
-64.250984191894531
-65.109405517578125
-13.368525505065918
98.670928955078125
-47.439510345458984
18.787790298461914
26.950330734252930
47.458763122558594
62.743682861328125
-46.916282653808594
-40.348754882812500
62.375133514404297
25.328916549682617
9.805282592773438
5.977293014526367
-9.520178794860840
-17.290523529052734
45.760910034179688
-10.572967529296875
-52.398273468017578
8.669838905334473
-63.296306610107422
132.739028930664062
-31.289215087890625
26.796384811401367
-57.694171905517578
7.076663017272949
27.641330718994141
-76.346046447753906
-14.828771591186523
-28.521263122558594
-24.023475646972656
-94.431137084960938
-53.770149230957031
-12.905631065368652
72.357543945312500
-93.292343139648438
-63.101280212402344
-8.999326705932617
159.360763549804688
-59.312438964843750
53.498241424560547
-33.304058074951172
-5.708889961242676
31.796012878417969
-25.894386291503906
61.198242187500000
10.282709121704102
101.139518737792969
35.496334075927734
101.248229980468750
44.925724029541016
-45.328163146972656
38.645568847656250
153.561187744140625
-30.177211761474609
-27.587907791137695
-69.221672058105469
12.485846519470215
-57.110569000244141
-2.927392005920410
36.761363983154297
-50.457302093505859
60.416645050048828
-150.867034912109375
14.085294723510742
-3.972392559051514
-54.007831573486328
-57.604995727539062
25.170598983764648
-57.091949462890625
95.631690979003906
33.268688201904297
-11.645474433898926
141.330444335937500
10.800312042236328
-3.056632041931152
-123.454063415527344
-69.502265930175781
12.634152412414551
-23.131317138671875
-66.191123962402344
101.149627685546875
104.431030273437500
-121.094619750976562
-104.292549133300781
79.186233520507812
10.626646041870117
-81.705680847167969
-8.620622634887695
178.081054687500000
-50.265888214111328
-53.426094055175781
-38.147769927978516
75.490165710449219
-17.651094436645508
-105.062873840332031
-112.459854125976562
35.171012878417969
-20.691135406494141
-97.563003540039062
-104.102661132812500
28.273853302001953
142.209579467773438
16.876190185546875
27.734920501708984
105.916481018066406
58.600490570068359
-27.387210845947266
-111.735649108886719
-101.812362670898438
147.174865722656250
-121.962059020996094
-31.006584167480469
22.061681747436523
-23.977857589721680
-0.409129619598389
-70.163848876953125
160.411270141601562
-12.096807479858398
35.102497100830078
-115.599830627441406
142.333801269531250
14.303208351135254
-129.274536132812500
-107.091178894042969
23.988914489746094
86.350883483886719
-68.898223876953125
38.231006622314453
117.955345153808594
22.111223220825195
-111.138694763183594
-147.762893676757812
27.377025604248047
109.929161071777344
11.085714340209961
-70.028541564941406
-21.507579803466797
106.286430358886719
-9.683177947998047
-46.022441864013672
122.369216918945312
43.566051483154297
-17.585582733154297
-7.692165374755859
20.670606613159180
49.245563507080078
-83.691650390625000
-15.735407829284668
-84.247680664062500
156.021911621093750
-159.865692138671875
-125.720123291015625
-46.951164245605469
4.191898822784424
-40.280002593994141
-58.236499786376953
-32.318016052246094
46.298873901367188
-81.523757934570312
26.745882034301758
85.092247009277344
124.217826843261719
-89.906417846679688
-70.301307678222656
7.081344604492188
122.990623474121094
-33.754302978515625
36.148944854736328
40.545211791992188
129.778198242187500
-55.153614044189453
-53.323291778564453
2.751735210418701
121.543922424316406
-38.468708038330078
-33.124843597412109
132.525985717773438
46.779685974121094
-16.258792877197266
-62.168613433837891
145.676788330078125
85.766792297363281
-1.265357255935669
-87.733283996582031
60.311134338378906
-3.848722934722900
-142.778594970703125
-111.349922180175781
5.752120018005371
28.747171401977539
-93.724334716796875
8.285096168518066
31.313514709472656
12.020974159240723
-62.978721618652344
85.006843566894531
45.380672454833984
-39.827095031738281
-31.781402587890625
-134.341812133789062
135.446563720703125
116.680717468261719
58.969253540039062
84.462104797363281
137.790786743164062
143.358169555664062
35.806896209716797
-131.552093505859375
113.288482666015625
73.734260559082031
-145.213851928710938
-139.879425048828125
137.999160766601562
81.103881835937500
-82.090904235839844
19.590351104736328
18.393415451049805
92.112045288085938
-27.614078521728516
52.436805725097656
-59.064296722412109
125.085258483886719
-197.201690673828125
-109.498069763183594
-10.142484664916992
16.636972427368164
-45.812175750732422
34.808216094970703
119.966743469238281
-35.045719146728516
-45.552925109863281
-114.111549377441406
36.687313079833984
-16.920366287231445
-12.072515487670898
-146.579177856445312
137.911590576171875
40.420307159423828
-35.388824462890625
23.599758148193359
95.718879699707031
160.460159301757812
38.970790863037109
-70.297302246093750
134.100997924804688
35.063358306884766
-52.828548431396484
-69.640357971191406
97.190116882324219
100.357269287109375
-18.998641967773438
46.880817413330078
89.144409179687500
11.506656646728516
44.346958160400391
20.624048233032227
100.950950622558594
55.147232055664062
-26.655208587646484
42.868129730224609
118.477561950683594
-38.112857818603516
-129.647613525390625
-76.567634582519531
-15.780898094177246
60.002708435058594
-77.716140747070312
33.301841735839844
164.567489624023438
-73.293571472167969
-30.508045196533203
-85.587196350097656
90.344970703125000
26.372129440307617
-145.110595703125000
-76.468955993652344
-21.475168228149414
-57.886516571044922
-122.202033996582031
9.467018127441406
-17.600944519042969
95.295379638671875
36.266635894775391
-72.729064941406250
61.792449951171875
181.598617553710938
-34.029697418212891
-21.587238311767578
-3.764537811279297
2.912350654602051
-167.734680175781250
-120.055206298828125
8.222102165222168
40.882404327392578
-22.183856964111328
-91.574752807617188
22.804944992065430
44.616153717041016
51.458045959472656
-163.032760620117188
42.399543762207031
52.765979766845703
-58.312168121337891
-138.728179931640625
136.022598266601562
-53.788234710693359
-96.960067749023438
-9.586250305175781
63.120948791503906
157.005996704101562
-45.763866424560547
-123.337600708007812
32.028221130371094
107.421646118164062
-100.169967651367188
7.416429519653320
103.520133972167969
66.517501831054688
-11.377635002136230
-92.505332946777344
56.285278320312500
52.395034790039062
-166.961883544921875
-36.038276672363281
95.020591735839844
199.945755004882812
-83.092895507812500
-132.252243041992188
-36.302814483642578
-28.747579574584961
-94.754371643066406
-124.546234130859375
104.408508300781250
68.555984497070312
70.373382568359375
9.261285781860352
76.415718078613281
-21.058828353881836
-37.393650054931641
-92.539466857910156
-11.100632667541504
52.789600372314453
-56.037994384765625
-0.732554197311401
145.523727416992188
81.694366455078125
8.480971336364746
-92.438453674316406
93.894798278808594
89.536651611328125
-56.072406768798828
8.563932418823242
-1.628334999084473
156.001190185546875
-140.219665527343750
-31.930940628051758
108.069122314453125
-86.216590881347656
-104.167655944824219
55.941833496093750
165.767715454101562
111.733695983886719
-85.335586547851562
-133.399917602539062
26.126480102539062
136.947998046875000
-127.388351440429688
-162.885498046875000
67.926780700683594
-67.236373901367188
-37.243621826171875
-28.966833114624023
-46.984657287597656
101.385620117187500
-40.604736328125000
31.522731781005859
-23.584838867187500
135.064392089843750
7.198478698730469
-157.041397094726562
-10.849633216857910
71.854881286621094
-35.920234680175781
51.351516723632812
64.333854675292969
84.157066345214844
9.012277603149414
-97.699890136718750
124.299934387207031
150.283462524414062
-70.104644775390625
-78.671958923339844
48.119705200195312
-57.271057128906250
-157.932434082031250
-3.024444103240967
49.468887329101562
141.014328002929688
-74.200813293457031
21.531290054321289
142.225616455078125
33.161849975585938
-139.099395751953125
1.363879799842834
97.103858947753906
137.410339355468750
-112.411499023437500
112.206916809082031
-6.664776325225830
145.335525512695312
3.685149669647217
-53.460773468017578
163.761062622070312
-12.422108650207520
-90.495193481445312
-106.357604980468750
5.449582099914551
-9.371067047119141
-88.746032714843750
-46.313755035400391
97.737533569335938
97.392532348632812
-12.159075736999512
-24.017715454101562
169.589782714843750
-37.897384643554688
-136.728851318359375
-41.776912689208984
-2.573082923889160
32.372161865234375
-106.611663818359375
-23.970638275146484
106.896163940429688
-85.336990356445312
34.321838378906250
-11.207084655761719
147.997146606445312
-31.019632339477539
-25.305341720581055
-35.342521667480469
80.753150939941406
88.566894531250000
-1.901525974273682
7.457038402557373
128.680755615234375
13.403836250305176
-131.381500244140625
-3.390472412109375
68.081405639648438
144.259735107421875
-176.145797729492188
-161.697402954101562
172.027130126953125
120.709396362304688
-159.633255004882812
-43.105548858642578
136.820587158203125
109.619354248046875
15.269253730773926
-90.257072448730469
85.627716064453125
132.611648559570312
-82.402473449707031
-97.800819396972656
-1.868747472763062
10.131936073303223
-99.681678771972656
-117.565490722656250
-29.632648468017578
-40.762214660644531
-34.391792297363281
-19.326236724853516
47.962928771972656
114.686523437500000
-178.711853027343750
13.117347717285156
98.977523803710938
49.617630004882812
-149.821441650390625
-80.071731567382812
71.240394592285156
119.646598815917969
-187.855545043945312
-102.771598815917969
40.043891906738281
159.816986083984375
-29.578268051147461
-35.102313995361328
174.298889160156250
134.667892456054688
30.135906219482422
18.097780227661133
19.663299560546875
119.434234619140625
-173.856185913085938
-1.814863204956055
126.688476562500000
68.555259704589844
-76.050422668457031
-137.374862670898438
32.991374969482422
82.010971069335938
-82.474052429199219
-123.128028869628906
-13.812210083007812
108.178543090820312
-92.523048400878906
-88.645187377929688
-49.868907928466797
112.664154052734375
-64.274337768554688
-152.561096191406250
122.559463500976562
34.602081298828125
-104.535118103027344
-100.112602233886719
47.494621276855469
-1.455413818359375
-46.770183563232422
-40.761604309082031
26.893903732299805
73.850143432617188
-7.841427326202393
-25.057126998901367
161.531997680664062
-5.870693206787109
-122.005126953125000
-75.929298400878906
-30.673204421997070
157.261260986328125
-152.195312500000000
-51.049983978271484
130.793289184570312
41.443347930908203
-84.601791381835938
40.821685791015625
141.362319946289062
20.615297317504883
-150.062576293945312
-158.172119140625000
40.337677001953125
107.256622314453125
-15.124645233154297
-85.061737060546875
173.970809936523438
73.286239624023438
0.838389873504639
7.669966697692871
38.260692596435547
147.135299682617188
-74.829238891601562
-120.088096618652344
79.886383056640625
128.912170410156250
-147.565963745117188
-30.833595275878906
-18.633695602416992
73.454177856445312
-87.570625305175781
31.693746566772461
1.635874748229980
19.006471633911133
-145.692703247070312
-94.931823730468750
29.180112838745117
-19.356492996215820
-10.291654586791992
-71.950225830078125
194.768081665039062
-22.706235885620117
-41.897521972656250
-104.252449035644531
48.626731872558594
-16.473474502563477
-9.574846267700195
-72.308380126953125
23.171092987060547
-44.305698394775391
-132.923568725585938
-68.322219848632812
132.218841552734375
86.198150634765625
-118.204345703125000
-8.371279716491699
-8.125049591064453
136.594284057617188
-164.132965087890625
-127.770950317382812
92.579124450683594
-9.418384552001953
-45.593299865722656
-170.943099975585938
-12.689829826354980
88.797660827636719
-89.836029052734375
-31.710754394531250
85.029220581054688
58.335815429687500
-93.273841857910156
-185.495254516601562
48.052761077880859
130.623840332031250
-153.580413818359375
-57.932128906250000
148.708847045898438
-32.550479888916016
-21.028371810913086
-69.925697326660156
-55.795719146728516
-7.525838851928711
-43.717430114746094
-39.553047180175781
26.024688720703125
28.594558715820312
-126.528228759765625
-172.597015380859375
109.909240722656250
-14.904006958007812
-40.192924499511719
-49.881210327148438
28.106039047241211
25.439201354980469
-55.972988128662109
19.153030395507812
40.531288146972656
118.100959777832031
-139.616104125976562
-107.396545410156250
19.918262481689453
133.885848999023438
-166.321350097656250
-149.387283325195312
123.836067199707031
-65.851943969726562
-161.314605712890625
13.824348449707031
98.177955627441406
31.906145095825195
-60.769283294677734
-17.001422882080078
150.695800781250000
17.410713195800781
-163.821380615234375
57.298774719238281
109.071243286132812
166.457244873046875
31.047805786132812
-138.308303833007812
47.552017211914062
97.303329467773438
39.837352752685547
-150.050842285156250
108.067123413085938
87.113189697265625
-9.864428520202637
-91.037467956542969
-47.383769989013672
137.976867675781250
-139.818298339843750
-36.385692596435547
46.439807891845703
183.608078002929688
27.459907531738281
-21.184324264526367
59.163429260253906
57.327453613281250
-14.435708999633789
-73.978912353515625
24.704891204833984
100.233337402343750
-166.785568237304688
-81.073150634765625
27.790149688720703
-14.699800491333008
-107.476028442382812
-119.646278381347656
111.547447204589844
150.413726806640625
-118.423393249511719
-157.714202880859375
31.770837783813477
156.041580200195312
-100.244468688964844
-133.209182739257812
54.191513061523438
61.203586578369141
-92.805511474609375
-28.554721832275391
139.061004638671875
53.768898010253906
-6.188566207885742
-109.273490905761719
84.145408630371094
68.746398925781250
-106.036537170410156
-2.925336360931396
93.246826171875000
24.241415023803711
21.785449981689453
-49.202053070068359
140.015975952148438
32.261215209960938
-188.681762695312500
-103.097122192382812
208.877227783203125
49.771682739257812
-37.081432342529297
4.046417713165283
-23.881519317626953
80.264526367187500
-38.102241516113281
-192.132644653320312
28.564046859741211
217.649291992187500
-25.308715820312500
-76.446929931640625
189.672424316406250
154.587020874023438
-36.818798065185547
-60.747074127197266
76.097152709960938
130.185455322265625
-70.972084045410156
-51.043163299560547
79.397621154785156
75.581535339355469
-136.998168945312500
-56.596984863281250
40.216156005859375
65.991828918457031
-63.772293090820312
-81.605682373046875
36.655857086181641
118.772903442382812
-105.227279663085938
-44.377502441406250
130.033447265625000
165.275939941406250
-69.961219787597656
16.565265655517578
21.281236648559570
142.806854248046875
12.322422981262207
28.227661132812500
-14.085418701171875
79.376953125000000
-73.325935363769531
-9.861800193786621
91.536582946777344
168.925399780273438
6.307087898254395
-84.911163330078125
30.365447998046875
22.562028884887695
-12.246170043945312
-171.281585693359375
-54.519756317138672
56.078243255615234
-26.779094696044922
-91.831504821777344
70.885894775390625
-5.457025051116943
-10.705861091613770
11.918694496154785
183.008422851562500
133.373535156250000
-67.459968566894531
-135.984802246093750
161.851562500000000
15.606082916259766
-82.521514892578125
-33.785324096679688
66.075347900390625
136.399993896484375
-98.526222229003906
-207.498657226562500
139.769241333007812
181.070205688476562
-141.543670654296875
9.436717987060547
25.728185653686523
84.127738952636719
-56.133708953857422
-113.092315673828125
-54.185565948486328
56.770839691162109
-38.252346038818359
-142.458328247070312
64.779006958007812
122.167121887207031
-45.923141479492188
16.781578063964844
94.118164062500000
37.276298522949219
-191.739547729492188
-62.175083160400391
20.479663848876953
130.079467773437500
37.665981292724609
-63.338714599609375
4.748274803161621
17.083660125732422
-100.011314392089844
-23.096294403076172
38.261184692382812
131.088272094726562
-27.966547012329102
-73.368949890136719
151.596740722656250
86.595100402832031
33.473663330078125
-167.310211181640625
98.915443420410156
76.280052185058594
-135.793197631835938
-14.029760360717773
104.466873168945312
182.254089355468750
-85.501281738281250
-120.916351318359375
-4.751850128173828
111.323616027832031
-67.212814331054688
-61.201026916503906
4.638269424438477
-9.638337135314941
-120.477088928222656
-174.482101440429688
134.508499145507812
7.788674354553223
-135.023849487304688
-112.003524780273438
155.972030639648438
38.664451599121094
-155.076293945312500
-73.259796142578125
152.853424072265625
-27.363069534301758
6.617729663848877
-45.257053375244141
73.940856933593750
-32.882171630859375
-62.176811218261719
52.464073181152344
81.278137207031250
125.598678588867188
-51.040557861328125
-146.516860961914062
39.768161773681641
97.956748962402344
-38.623592376708984
-171.724700927734375
181.822799682617188
14.827445983886719
-44.579830169677734
-84.774971008300781
185.779769897460938
60.952011108398438
-51.399650573730469
-63.993740081787109
50.110980987548828
2.274692535400391
-151.088592529296875
0.880559682846069
157.796325683593750
26.352783203125000
-180.766372680664062
39.154666900634766
121.730247497558594
172.461029052734375
104.496292114257812
-144.509323120117188
-23.036270141601562
154.990188598632812
-30.755119323730469
-129.837249755859375
158.784286499023438
54.413879394531250
-131.631484985351562
18.976730346679688
65.875137329101562
-39.948585510253906
-47.820373535156250
-140.721694946289062
162.027374267578125
27.281364440917969
-151.825973510742188
-132.652526855468750
209.544692993164062
137.031661987304688
-9.011555671691895
-8.863445281982422
146.284896850585938
118.560760498046875
-69.860389709472656
-91.661041259765625
198.995422363281250
119.673019409179688
-189.759933471679688
-70.965988159179688
160.998245239257812
101.323219299316406
-45.868026733398438
-74.493507385253906
45.423130035400391
141.808074951171875
-159.363616943359375
-87.280082702636719
166.653289794921875
92.156082153320312
-168.561416625976562
-14.675706863403320
90.835029602050781
-43.884666442871094
-3.014748573303223
-53.989543914794922
146.762283325195312
166.864593505859375
-144.283569335937500
-21.215492248535156
79.941261291503906
43.777572631835938
-167.189010620117188
-132.729187011718750
111.538833618164062
181.145568847656250
-48.061359405517578
-45.717342376708984
123.005165100097656
106.021270751953125
-146.283477783203125
-198.360031127929688
72.185974121093750
80.925292968750000
-113.823539733886719
-13.166137695312500
108.889808654785156
94.272048950195312
-66.100944519042969
-71.616973876953125
117.791946411132812
15.428122520446777
-17.258962631225586
-213.627655029296875
156.646957397460938
-2.565793514251709
-11.612895965576172
-99.503906250000000
-30.248632431030273
65.009407043457031
-199.476226806640625
-51.309722900390625
152.855743408203125
115.962776184082031
-72.115570068359375
-93.201637268066406
16.130529403686523
104.170547485351562
-103.446327209472656
73.880561828613281
164.033233642578125
46.537300109863281
-17.263202667236328
-139.599792480468750
136.246994018554688
135.045913696289062
-164.542877197265625
-130.619567871093750
33.812244415283203
33.135375976562500
-120.705276489257812
4.996100425720215
36.120594024658203
97.646919250488281
-166.317123413085938
-43.592723846435547
108.219886779785156
13.725067138671875
-139.976684570312500
-158.028198242187500
138.422302246093750
97.895698547363281
-141.477081298828125
-18.783761978149414
77.636192321777344
190.339309692382812
-70.282836914062500
-95.909065246582031
155.807174682617188
93.080245971679688
8.083915710449219
-183.363739013671875
170.967056274414062
119.074790954589844
-0.584334373474121
-114.158119201660156
13.120225906372070
119.377937316894531
-38.026203155517578
-99.668945312500000
130.594894409179688
90.527229309082031
-87.598762512207031
-118.359352111816406
193.818984985351562
49.350685119628906
-99.557830810546875
-172.129562377929688
80.312919616699219
18.438913345336914
-33.105182647705078
4.178476333618164
214.316299438476562
161.757965087890625
-19.055799484252930
-43.045543670654297
97.816452026367188
98.813018798828125
-36.673717498779297
-137.571853637695312
147.230224609375000
67.245223999023438
-4.134690761566162
-34.700351715087891
101.804855346679688
67.357597351074219
-134.406860351562500
-71.074729919433594
47.459907531738281
168.566360473632812
-93.618385314941406
-122.621932983398438
142.957015991210938
176.079559326171875
-174.686462402343750
6.772572994232178
46.750957489013672
174.997863769531250
-101.608947753906250
-138.621520996093750
183.249862670898438
169.572341918945312
-50.393684387207031
-92.751380920410156
130.541320800781250
16.118198394775391
-130.366989135742188
-130.090698242187500
112.151046752929688
60.529502868652344
-148.544815063476562
-178.215713500976562
56.316963195800781
174.054977416992188
-88.300399780273438
-130.550933837890625
56.542430877685547
173.823730468750000
-95.698806762695312
-109.703529357910156
122.077621459960938
175.303390502929688
-61.018222808837891
-113.034828186035156
196.288619995117188
211.275421142578125
-13.413453102111816
-189.974807739257812
98.356689453125000
201.829879760742188
-43.227420806884766
-77.865631103515625
178.897811889648438
193.054168701171875
-0.360938310623169
-131.173324584960938
78.780143737792969
159.894088745117188
-90.369590759277344
10.139655113220215
133.686569213867188
31.710988998413086
-63.556529998779297
-66.098739624023438
65.036529541015625
165.664657592773438
-71.907638549804688
-70.333213806152344
24.736145019531250
112.995712280273438
-101.794364929199219
-153.967346191406250
149.230331420898438
142.198455810546875
-112.456298828125000
-106.118164062500000
50.086723327636719
46.564346313476562
-100.178497314453125
-122.581672668457031
103.146400451660156
71.027374267578125
-77.046630859375000
-68.070365905761719
73.565460205078125
173.070846557617188
-142.753723144531250
-198.936523437500000
69.747726440429688
82.680541992187500
-104.572715759277344
-118.771469116210938
178.793350219726562
112.348686218261719
-132.638015747070312
-165.875625610351562
142.627243041992188
30.822338104248047
-60.224052429199219
-166.184967041015625
20.984733581542969
-18.818246841430664
-114.570457458496094
-95.676475524902344
157.289688110351562
123.954521179199219
-60.338432312011719
-142.777435302734375
22.894668579101562
173.345825195312500
-105.351318359375000
-8.053259849548340
30.227628707885742
129.231918334960938
-180.177810668945312
-171.727676391601562
32.891548156738281
60.048957824707031
-67.728507995605469
-120.825675964355469
168.811340332031250
92.592948913574219
-76.130874633789062
-31.320125579833984
136.177703857421875
182.994674682617188
-182.305450439453125
-14.757022857666016
88.761878967285156
183.593566894531250
-107.976318359375000
1.217582106590271
66.832580566406250
38.302230834960938
-141.236923217773438
-170.340591430664062
123.580230712890625
52.027759552001953
-138.982467651367188
-117.441864013671875
-10.690531730651855
211.548202514648438
-39.980167388916016
-171.533737182617188
161.804733276367188
76.583953857421875
-205.504943847656250
-104.365600585937500
73.254928588867188
117.753532409667969
-43.725074768066406
-82.415374755859375
129.359619140625000
130.437973022460938
15.652873992919922
-134.319931030273438
175.395935058593750
33.965194702148438
11.263618469238281
-11.931451797485352
107.891120910644531
20.105079650878906
-66.927848815917969
-40.733032226562500
232.839050292968750
175.206878662109375
-134.380279541015625
-92.931190490722656
88.169967651367188
188.597076416015625
