35.751655
53.362413
-60.982539
20.315503
-41.557755
-50.066513
-10.866647
-62.801515
-31.332152
56.080806
49.643619
39.800113
41.820660
46.784862
-53.913741
-32.460027
51.393800
35.203850
65.780022
-2.768063
49.250953
39.466334
-38.953458
-48.301460
35.453644
50.379020
-44.481079
-41.728381
44.170481
40.354712
-0.333684
-62.142799
43.377524
40.469994
-44.398316
-41.661085
41.109021
42.785563
-45.341225
-37.879258
41.143787
42.800742
-45.391860
-37.857754
41.061403
42.701083
-45.421859
-37.713748
30.948661
50.652476
-33.456665
-48.221432
35.504256
47.607120
-29.176011
-51.237417
33.943336
46.840758
-31.957783
-49.067756
41.067828
42.770165
-45.500123
-37.583463
43.758346
37.205062
-47.135798
-32.397523
44.118004
40.234360
-38.962222
-41.128757
34.695663
47.027895
-43.439398
-34.838459
43.657163
37.102879
-38.918043
-41.103052
30.212921
46.974066
-40.585224
-37.951777
37.219178
39.817364
-37.415863
-37.078102
22.741533
51.149409
-37.408080
-37.069488
36.689420
36.876484
-32.209896
-44.078210
37.153679
39.739069
-37.392898
-37.052375
36.644050
36.839006
-37.394039
-37.056507
36.640612
36.830693
-37.399511
-37.049189
36.640713
36.834803
-37.407048
-37.011050
36.640644
36.835811
-37.377461
-37.035837
36.629806
36.823268
-37.381056
-37.031388
36.625145
36.819342
-37.378027
-37.027098
36.617547
36.812341
-37.362537
-37.025822
36.615717
36.810410
-37.366663
-37.019087
36.604055
36.791284
-34.255186
-34.170704
36.606234
36.802638
-34.251340
-34.159182
32.111194
32.182763
-34.243919
-34.156403
32.101477
32.177284
-34.239891
-34.148239
32.109436
32.180978
-34.233878
-34.152821
32.101965
32.173691
-34.220917
-34.152051
32.104556
32.175922
-34.221483
-34.135359
32.101806
32.173146
-34.213646
-34.140248
32.099180
32.170495
-30.707768
-30.752817
32.096423
32.167934
-34.207908
-34.127950
32.094597
32.165256
-30.708414
-30.759080
32.091596
32.162871
-30.699561
-30.748571
32.088923
32.160444
-30.695437
-30.741191
32.086811
32.158054
-30.698829
-30.738522
32.085110
32.155917
-30.680674
-30.734737
32.082266
32.153463
-30.679897
-30.733196
32.080227
32.151379
-30.687871
-30.723611
32.077850
32.149108
-30.684184
-30.726100
32.076059
32.146948
-30.679030
-30.723579
32.073859
32.144918
-30.685353
-30.729441
27.950604
31.210903
-22.618275
-22.605344
32.077053
32.143160
-22.617572
-22.604688
32.067875
32.139073
-30.679532
-30.724702
22.902178
22.893769
-30.688157
-30.765866
31.515710
25.904198
-28.371589
-28.171954
29.162029
27.924370
-28.330654
-28.190368
32.021602
32.171938
-28.322050
-28.112633
22.901118
22.893714
-28.086454
-28.379802
22.900779
22.893443
-22.615594
-22.602743
26.487145
28.350903
-22.616126
-22.602883
22.899637
22.892781
-30.614084
-30.698807
22.893417
22.889228
-22.614937
-22.602124
22.898925
22.890563
-22.614864
-22.601961
22.898861
22.892036
-22.613567
-22.600692
22.898598
22.891781
-22.614212
-22.601208
22.898954
22.891585
-22.613996
-22.601078
22.898723
22.891398
-22.613945
-22.600946
22.898461
22.891073
-22.613451
-22.600618
22.898198
22.890791
-22.612979
-22.600120
22.898011
22.890637
-22.612887
-22.600096
22.897863
22.890454
-22.612868
-22.600066
22.897563
22.890227
-22.612585
-22.599769
22.897293
22.889920
-22.612320
-22.599546
22.897085
22.889736
-22.612166
-22.599420
22.896928
22.889529
-22.611993
-22.599262
22.896105
22.889322
-22.612067
-22.599118
22.896513
22.889180
-22.611526
-22.598794
22.896325
22.889000
-22.611304
-22.598468
22.896192
22.888788
-22.611150
-22.598284
22.893892
22.890345
-22.611306
-22.598399
22.895776
22.888386
-22.610803
-22.597995
22.895819
22.889817
-22.610697
-22.598011
22.895367
22.888019
-22.610716
-22.597808
22.895231
22.887812
-22.610346
-22.597627
22.895055
22.887651
-22.610226
-22.597350
22.894922
22.887525
-22.609996
-22.597042
22.894086
22.887233
-22.609713
-22.596959
22.894598
22.887193
-22.609613
-22.596755
18.183873
18.173154
-22.609620
-22.596802
22.897403
22.888421
-22.609448
-22.596688
18.182293
18.171109
-22.609223
-22.596377
18.194500
18.170198
-22.609403
-22.596468
14.642700
14.713402
-16.298716
-16.302671
18.180081
18.168846
-16.298220
-16.302176
18.176453
18.168343
-22.608774
-22.596024
18.175712
18.167705
-16.297260
-16.301215
18.175068
18.166704
-16.296793
-16.300749
18.177236
18.165982
-16.296337
-16.300292
18.176676
18.165367
-16.295889
-16.299844
18.173075
18.165019
-16.295449
-16.299405
18.172484
18.164395
-16.295019
-16.298974
14.635848
14.706488
-16.294596
-16.298552
18.171226
18.163006
-22.607799
-22.595043
18.173517
18.162284
-16.293776
-16.297731
14.633830
14.704468
-16.293378
-16.297333
14.632913
14.702604
-16.292987
-16.296942
14.632505
14.703165
-16.292603
-16.296558
18.171414
18.160124
-16.292227
-16.296182
14.631328
14.701980
-16.291857
-16.295812
10.862491
10.865355
-16.291495
-16.295450
14.630094
14.700765
-16.291139
-16.295094
14.629476
14.700150
-10.077034
-10.076000
14.628933
14.699618
-10.076520
-10.075486
14.628398
14.699012
-10.076016
-10.074982
14.627836
14.698506
-16.289780
-16.293734
14.627349
14.697992
-10.075037
-10.074003
10.854419
10.848849
-10.074562
-10.073528
14.626282
14.696915
-10.074096
-10.073062
10.834620
10.869415
-10.073639
-10.072605
10.852380
10.846201
-10.073191
-10.072157
10.858120
10.891904
-10.072751
-10.071718
10.849315
10.854109
-10.072320
-10.071286
10.854440
10.849052
-10.071897
-10.070863
10.846233
10.850285
-10.071482
-10.070448
7.977488
7.979394
-10.071074
-10.070040
10.854653
10.845747
-10.070674
-10.069640
10.844770
10.849726
-10.070282
-10.069248
10.845251
10.848167
-10.069896
-10.068862
10.844083
10.847356
-10.069518
-10.068484
7.973696
7.975592
-10.069146
-10.068113
7.973147
7.974737
-10.068782
-10.067748
7.972155
7.974355
-10.068424
-10.067390
7.971465
7.973663
-10.068072
-10.067038
7.970913
7.972810
-3.574685
-3.574363
10.847124
10.842078
-10.067387
-10.066353
7.969371
7.971780
-10.067054
-10.066020
7.968960
7.970855
-10.066727
-10.065693
7.968099
7.970500
-10.066405
-10.065371
7.967592
7.969754
-10.066089
-10.065055
7.966984
7.969144
-10.065778
-10.064745
7.966280
7.968721
-3.571810
-3.571488
7.965790
7.967967
-3.571430
-3.571107
5.072645
5.072739
-3.571056
-3.570734
5.070963
5.070201
-3.570690
-3.570367
7.963793
7.966486
-10.064305
-10.063271
10.805894
10.852616
-3.569976
-3.569654
7.963180
7.965061
-10.063750
-10.062716
5.066406
5.065310
-3.569289
-3.568967
5.065501
5.062897
-3.568955
-3.568632
5.064725
5.062767
-3.568626
-3.568304
5.062782
5.061751
-3.568303
-3.567981
5.062194
5.060595
-10.062442
-10.061409
5.060801
5.060811
-3.567675
-3.567353
1.777096
1.777898
-3.567370
-3.567047
5.059796
5.057831
-3.567069
-3.566747
5.058356
5.056614
-3.566774
-3.566452
7.958257
7.960454
-3.566484
-3.566162
5.056686
5.055494
-3.566199
-3.565877
1.774302
1.775086
-3.565919
-3.565597
1.773818
1.775174
-3.565643
-3.565321
1.773266
1.774009
-3.565373
-3.565051
1.772703
1.773564
-3.565107
-3.564785
1.772214
1.772987
1.761172
1.762022
1.771674
1.772483
-3.564589
-3.564266
1.771265
1.772101
-3.564336
-3.564014
-3.559340
-3.559018
-3.564087
-3.563765
1.770357
1.771704
-3.563843
-3.563521
1.769799
1.770587
-3.563603
-3.563281
1.769404
1.770711
1.764494
1.765377
1.768975
1.770343
-3.563134
-3.562812
1.768506
1.769844
-3.562906
-3.562584
1.768052
1.769386
-3.562681
-3.562359
1.767649
1.768511
-3.562460
-3.562138
1.767191
1.768015
1.767011
1.767890
-3.562162
-3.561840
1.767520
1.768410
-3.562449
-3.562127
-3.561818
-3.561496
-3.562730
-3.562408
-3.561611
-3.561289
-3.563007
-3.562685
1.768958
1.770281
-3.563279
-3.562957
1.769346
1.770199
-3.563547
-3.563225
1.769731
1.770573
-3.563810
-3.563488
1.770179
1.770959
1.764081
1.765416
1.770583
1.771425
-3.564322
-3.564000
1.771056
1.771902
-3.564572
-3.564250
1.771405
1.772215
1.763031
1.764379
1.771823
1.772660
-3.565059
-3.564737
1.772298
1.773633
-3.565297
-3.564975
1.772613
1.773443
-3.565530
-3.565208
1.773033
1.773898
-3.565760
-3.565438
1.773400
1.774239
-3.565986
-3.565664
1.773786
1.775157
-3.566208
-3.565886
1.774130
1.774946
-3.566427
-3.566105
1.774472
1.775323
-3.566642
-3.566320
1.774824
1.775582
-3.566853
-3.566531
5.058386
5.057531
-3.567061
-3.566739
1.775499
1.776341
-3.567266
-3.566944
5.060121
5.059118
-3.567468
-3.567145
-10.054397
-10.053364
-3.567666
-3.567344
5.061559
5.060602
-3.567861
-3.567539
1.776860
1.777628
-3.568053
-3.567731
7.962323
7.964209
-3.568242
-3.567920
7.962548
7.964693
-3.568428
-3.568106
5.063923
5.064671
-3.568611
-3.568289
5.064723
5.065370
-3.568791
-3.568469
7.963617
7.965969
-3.568968
-3.568646
1.778737
1.780069
-3.569143
-3.568821
7.964395
7.966746
-3.569315
-3.568992
1.779235
1.780598
-3.569484
-3.569162
5.069371
5.067746
-3.569650
-3.569328
7.965514
7.967862
-3.569814
-3.569492
5.071094
5.070362
-3.569976
-3.569653
5.071161
5.071159
-3.570135
-3.569812
7.966400
7.968837
-3.570291
-3.569969
7.971726
7.968691
-10.066745
-10.065712
-3.555844
-3.555522
-3.570597
-3.570275
5.074034
5.072708
-3.570746
-3.570424
7.967914
7.970266
-10.067356
-10.066323
7.968389
7.970541
-10.067553
-10.066520
7.968553
7.970903
-3.571181
-3.570859
7.968862
7.971215
-3.571322
-3.571000
7.969497
7.971430
-10.068126
-10.067093
10.839496
10.845357
-10.068312
-10.067278
7.969927
7.972082
-10.068494
-10.067460
7.970394
7.972330
-10.068673
-10.067640
10.842368
10.846613
-10.068850
-10.067816
7.970628
7.972985
-10.069024
-10.067990
7.970904
7.973265
-10.069195
-10.068161
7.971335
7.973511
-10.069363
-10.068330
10.843560
10.847518
-10.069529
-10.068496
10.842724
10.848174
-10.069693
-10.068659
7.972335
7.974278
-10.069854
-10.068820
10.852957
10.847957
-10.070012
-10.068978
7.972666
7.974830
-10.070168
-10.069134
10.844314
10.848071
-16.288609
-16.292563
14.624848
14.695506
-10.070473
-10.069440
10.845659
10.850411
-10.070622
-10.069589
10.845951
10.849736
-10.070769
-10.069735
7.974059
7.976034
-3.573526
-3.573203
10.846581
10.850921
-10.071056
-10.070023
14.626047
14.696709
-10.071197
-10.070163
7.974778
7.976728
-10.071335
-10.070301
10.846593
10.850890
-10.071471
-10.070438
10.848611
10.851621
-10.071605
-10.070572
7.975219
7.977408
-10.071738
-10.070704
10.848417
10.852036
-16.290373
-16.294327
10.848415
10.852306
-10.071996
-10.070963
14.627584
14.698194
-10.072123
-10.071089
10.848760
10.853010
-10.072247
-10.071214
14.627957
14.698598
-10.072370
-10.071337
7.976679
7.978645
-16.291081
-16.295035
10.850326
10.853924
-10.072610
-10.071577
14.628532
14.699161
-10.072728
-10.071694
14.628748
14.699390
-16.291480
-16.295434
10.849845
10.854934
-10.072958
-10.071924
14.629116
14.699730
-16.291736
-16.295691
14.629292
14.699903
-10.073181
-10.072148
10.851309
10.856011
-10.073291
-10.072257
14.629620
14.700290
-16.292107
-16.296061
7.978359
7.980325
-10.073504
-10.072471
14.629998
14.700626
-16.292345
-16.296299
14.630157
14.700792
-16.292461
-16.296415
10.853783
10.855854
-16.292576
-16.296530
14.630498
14.701179
-10.073914
-10.072881
18.173754
18.162538
-16.292800
-16.296754
14.630824
14.701410
-10.074110
-10.073077
14.630931
14.701626
-10.074206
-10.073173
14.631086
14.700687
-16.293124
-16.297078
14.631262
14.701912
-16.293229
-16.297183
14.631432
14.702033
-16.293333
-16.297287
14.631574
14.702222
-16.293435
-16.297389
14.631673
14.702311
-16.293535
-16.297489
14.631840
14.702493
-10.074755
-10.073721
18.172162
18.164272
-16.293732
-16.297686
14.632138
14.702741
-16.293828
-16.297782
14.632268
14.702890
-10.075012
-10.073978
14.632397
14.703060
-16.294016
-16.297970
14.632527
14.703197
-16.294108
-16.298062
14.631571
14.703287
-16.294199
-16.298153
10.854032
10.858872
-16.294289
-16.298243
18.173438
18.165189
-16.294377
-16.298331
18.173537
18.165386
-16.294464
-16.298418
14.633168
14.703836
-16.294550
-16.298504
22.894300
22.886889
-16.294634
-16.298588
14.633407
14.704049
-16.294717
-16.298672
14.633538
14.704195
-16.294800
-16.298754
22.893814
22.887023
-16.294881
-16.298835
18.174392
18.166231
-22.609769
-22.596874
14.633855
14.704527
-16.295039
-16.298993
14.634021
14.704653
-16.295117
-16.299071
18.174839
18.166848
-22.609748
-22.596897
22.895380
22.887310
-16.295269
-16.299223
14.634336
14.703815
-22.609785
-22.596873
14.634412
14.705070
-16.295417
-16.299371
18.175248
18.167139
-16.295489
-16.299443
18.175467
18.167471
-22.609852
-22.597070
18.175546
18.167380
-16.295631
-16.299585
14.634836
14.705440
-22.610174
-22.597138
14.634962
14.705568
-22.610022
-22.597176
22.894893
22.887557
-16.295836
-16.299790
22.894902
22.887549
-16.295903
-16.299857
18.176119
18.167955
-16.295969
-16.299923
18.176181
18.168068
-16.296033
-16.299987
18.176221
18.168383
-16.296097
-16.300051
22.895008
22.887666
-16.296160
-16.300114
18.179537
18.168390
-16.296222
-16.300176
14.635676
14.706293
-16.296283
-16.300237
18.179726
18.168489
-22.610236
-22.597424
22.895116
22.887791
-16.296403
-16.300357
22.894609
22.887860
-22.610353
-22.597572
22.894622
22.887340
-22.610320
-22.597588
18.177141
18.169130
-16.296577
-16.300531
14.636178
14.706827
-16.296634
-16.300588
18.180432
18.169184
-22.610400
-22.597582
18.177401
18.169279
-16.296744
-16.300698
14.636422
14.707042
-22.610638
-22.597785
22.895379
22.887968
-16.296851
-16.300805
18.177679
18.169556
-22.610510
-22.597677
18.177789
18.169779
-22.610593
-22.597784
14.636725
14.707352
-22.610465
-22.599223
22.895511
22.888063
-22.610578
-22.597752
18.178057
18.169857
-22.610763
-22.597796
18.177989
18.170618
-16.297156
-16.301111
14.636975
14.707621
-22.610791
-22.597907
18.178303
18.170028
-22.610719
-22.597871
22.895621
22.888217
-16.297300
-16.301254
18.178486
18.170305
-16.297346
-16.301300
22.895621
22.887140
-22.610714
-22.597902
22.895646
22.888239
-22.610785
-22.598056
22.895703
22.888326
-22.610978
-22.597969
22.895703
22.888290
-22.610984
-22.598037
22.895714
22.888337
-22.611004
-22.597952
18.178911
18.170714
-22.610980
-22.598073
18.179012
18.170831
-22.611053
-22.598090
22.895814
22.888479
-22.610878
-22.598035
22.895877
22.888426
-16.297737
-16.301691
22.895255
22.888432
-22.610995
-22.597955
22.895867
22.888470
-22.610909
-22.598148
22.895837
22.888501
-16.297857
-16.301810
22.895912
22.888558
-22.611183
-22.598164
22.895920
22.888542
-16.297934
-16.301889
22.895919
22.888600
-16.297972
-16.301926
22.895976
22.888607
-22.611243
-22.598272
22.895980
22.888582
-22.611213
-22.598257
22.895952
22.888661
-22.611264
-22.598188
18.179806
18.171619
-22.611289
-22.598277
18.179846
18.171637
-16.298154
-16.302108
18.179925
18.171737
-22.611285
-22.598394
18.182967
18.171803
-22.611307
-22.598227
22.896052
22.888689
-22.611110
-22.598430
22.896047
22.888739
-22.611110
-22.598441
22.896124
22.888753
-22.611353
-22.598294
18.183190
18.172029
-22.611341
-22.598404
22.896162
22.888805
-22.611167
-22.598369
22.896161
22.888741
-16.298420
-16.302374
18.183360
18.172191
-22.611349
-22.598404
22.896206
22.888805
-16.298482
-16.302436
22.895614
22.888875
-22.611478
-22.598305
22.896235
22.888888
-22.611457
-22.598630
22.896263
22.887727
-22.611460
-22.598537
22.895662
22.888868
-22.611497
-22.598488
22.896286
22.887756
-22.611460
-22.598397
22.896246
22.888913
-16.298657
-16.302611
22.896287
22.888926
-22.611500
-22.598545
22.895721
22.888919
-22.611345
-22.598636
22.896287
22.888973
-22.611542
-22.598521
22.896343
22.888976
-22.611324
-22.598641
22.896350
22.889000
-22.611438
-22.598617
22.896375
22.889025
-22.611415
-22.598676
22.895766
22.888949
-22.611378
-22.598677
22.896399
22.888976
-22.611438
-22.598616
22.896369
22.888954
-22.611516
-22.598717
22.896379
22.889058
-22.611429
-22.598686
22.896434
22.889032
-22.611551
-22.598596
22.897239
22.889030
-22.611612
-22.598580
22.896398
22.889107
-22.611450
-22.598676
18.184327
18.173160
-22.611480
-22.598755
22.896491
22.889064
-22.611698
-22.598720
22.896497
22.889093
-22.611484
-22.598724
22.895887
22.889116
-22.611711
-22.598742
22.896520
22.889061
-22.611511
-22.598701
22.896484
22.889095
-22.611613
-22.598724
22.896540
22.889138
-22.611599
-22.598762
22.896539
22.889187
-22.611768
-22.598614
22.896564
22.888038
-22.611565
-22.598774
22.896540
22.889196
-22.611684
-22.598844
22.896516
22.889133
-22.611576
-22.598841
22.896535
22.889190
-22.611601
-22.598760
22.896587
22.889180
-22.611573
-22.598907
22.896569
22.889274
-22.611636
-22.598905
22.896623
22.889257
-22.611804
-22.598927
18.184864
18.173684
-22.611603
-22.598814
22.896604
22.889243
-22.611813
-22.598831
18.184930
18.173752
-22.611592
-22.598900
22.897370
22.888131
-22.611604
-22.598926
22.896636
22.889293
-22.611857
-22.598965
22.896045
22.889304
-22.611673
-22.598921
22.896642
22.889309
-16.299432
-16.303386
22.897376
22.889285
-22.611906
-22.598859
22.896087
22.889283
-22.611729
-22.598972
22.896698
22.889325
-22.611799
-22.598914
22.896705
22.889381
-22.611705
-22.598839
22.897415
22.889361
-22.611884
-22.598991
22.896127
22.889369
-22.611897
-22.599010
22.896735
22.889411
-22.611814
-22.598892
22.896681
22.889345
-22.611738
-22.598894
22.896696
22.889377
-22.611737
-22.599074
22.896155
22.889405
-22.611933
-22.598939
22.896730
22.889374
-22.611737
-22.598951
22.896733
22.888248
-22.611971
-22.598903
22.897482
22.889373
-22.611777
-22.598967
22.896750
22.889464
-22.611783
-22.599063
22.896739
22.889392
-22.611767
-22.598954
22.896824
22.889349
-22.611792
-22.599016
22.896788
22.889376
-22.611860
-22.598915
22.896773
22.889442
-22.611806
-22.599015
22.897510
22.889494
-22.612005
-22.598995
22.896798
22.889477
-22.611845
-22.599052
22.896830
22.889462
-22.611784
-22.599037
22.896270
22.889471
-22.612020
-22.599120
22.896804
22.889468
-22.612013
-22.599018
22.896844
22.889513
-22.611912
-22.599062
22.896811
22.889459
-22.612135
-22.599268
22.896848
22.889460
-22.612062
-22.599133
22.896852
22.889494
-22.611758
-22.599074
22.896879
22.889499
-22.612018
-22.599049
22.896862
22.889497
-22.611944
-22.599169
22.896830
22.889520
-22.612096
-22.599075
22.896875
22.889492
-22.611896
-22.598968
22.897727
22.889494
-22.611963
-22.599000
22.896850
22.889541
-22.611945
-22.599068
22.896885
22.889497
-22.611803
-22.599041
18.185844
18.174663
-22.611947
-22.599148
22.896900
22.889560
-22.612010
-22.599124
22.896900
22.889499
-22.612096
-22.599215
22.896915
22.889520
-22.611955
-22.599211
22.896877
22.889561
-22.612058
-22.599126
22.896931
22.889505
-22.611942
-22.599118
22.901847
22.886988
-22.612026
-22.598942
22.896352
22.889581
-22.612126
-22.599246
22.896953
22.889530
-22.611988
-22.599106
22.896340
22.889574
-22.612128
-22.599155
22.896915
22.889581
-22.611937
-22.599187
22.896946
22.889585
-22.611980
-22.599053
22.897651
22.889576
-22.611937
-22.599228
22.896917
22.889570
-22.611966
-22.599149
18.183031
18.174998
-22.611906
-22.599194
22.896925
22.889654
-22.611947
-22.599267
22.897667
22.889541
-22.611944
-22.599140
22.896962
22.889594
-22.612155
-22.599139
22.896386
22.889624
-22.612002
-22.599173
22.896987
22.889624
-22.611911
-22.599035
22.896998
22.889639
-22.611947
-22.599139
22.897687
22.889680
-22.612096
-22.599175
22.896980
22.889604
-22.611981
-22.599268
22.896987
22.889655
-22.611962
-22.599042
22.897001
22.889635
-22.611989
-22.599238
22.896990
22.889640
-22.612030
-22.599156
22.896979
22.889671
-22.612044
-22.599215
22.896990
22.889677
-22.611859
-22.599194
22.897718
22.889629
-22.611993
-22.599145
22.896396
22.889636
-22.612043
-22.599199
22.897026
22.889704
-22.612029
-22.599276
22.896993
22.889686
-22.612035
-22.599301
22.897022
22.889663
-22.612167
-22.599148
22.896995
22.889624
-22.611916
-22.599187
22.897015
22.889651
-22.611971
-22.599225
22.897053
22.888519
-22.612076
-22.599184
22.897032
22.889721
-22.611973
-22.599147
22.897051
22.889618
-22.612063
-22.599236
22.896997
22.889627
-22.612060
-22.599122
22.896450
22.889703
-22.611936
-22.599089
22.897021
22.889624
-22.612065
-22.599218
22.897065
22.889670
-22.612492
-22.598342
22.897006
22.889662
-22.612077
-22.599168
22.897016
22.889668
-22.612020
-22.599260
22.897012
22.889632
-16.300167
-16.304121
22.897033
22.889706
-22.612038
-22.599237
22.897046
22.889665
-22.612202
-22.599231
22.897033
22.889700
-22.612012
-22.599292
22.896491
22.889650
-22.612079
-22.599144
22.896494
22.889679
-22.612041
-22.599208
22.897774
22.889629
-22.612048
-22.599354
22.897056
22.889708
-22.612106
-22.599174
22.897073
22.889670
-22.612004
-22.599184
22.897096
22.889739
-22.612107
-22.599186
22.897768
22.889750
-22.612089
-22.599295
22.897104
22.889668
-22.611990
-22.599350
22.897064
22.889683
-22.612111
-22.599292
22.897061
22.889718
-22.611983
-22.599158
22.897045
22.889736
-22.612069
-22.599220
22.897030
22.889715
-16.300210
-16.304165
22.897060
22.889674
-22.612238
-22.599160
22.897103
22.889715
-22.612005
-22.599249
22.897053
22.889692
-22.612279
-22.599220
22.897070
22.889732
-22.612241
-22.599186
22.897098
22.889711
-22.612029
-22.599269
22.897093
22.889714
-22.612148
-22.599380
22.897105
22.889650