11.855006
185.289457
-174.375509
43.140410
-96.288501
-210.398933
-45.512665
-188.346492
-100.382306
152.419867
257.577490
91.181169
129.477494
211.149289
-260.280560
-79.808796
216.748094
156.475566
158.707583
-60.790151
224.999710
118.301731
-165.037848
-200.743787
105.030568
193.206843
-223.236939
-140.448488
158.658216
129.545588
8.183413
-192.946072
188.360315
35.747856
-180.398151
-90.236358
195.387398
44.561279
-162.605721
-177.512840
142.251933
160.483099
-166.784558
-170.193495
170.183052
205.849278
-182.287085
-195.391527
75.016512
188.266050
-88.157773
-211.807270
-11.226826
187.473909
-148.281080
-157.856862
195.410385
207.843790
-162.599632
-220.569573
132.344997
198.100447
-134.135975
-183.097443
173.609185
102.744813
-250.691409
-105.805580
173.874948
177.150658
-113.261436
-174.837921
137.738113
121.174514
-213.827471
-142.817480
209.866071
13.992229
-115.493655
-183.064366
-62.940477
191.965329
-175.956352
-189.490839
183.341644
148.376880
-53.961551
-222.454055
-4.540745
205.411765
-175.328266
-143.160528
178.558665
155.686821
-84.774510
-226.184338
133.296544
186.386459
-162.332990
-164.994349
123.899424
130.723284
-67.667413
-35.456957
160.908799
-23.295975
-129.271455
-228.109000
104.474393
250.002397
-217.367972
-115.419765
231.694555
127.928776
-132.426791
-189.231089
112.135090
74.396919
-167.459275
-71.374144
84.360194
228.108910
-184.753833
-115.683055
121.394131
181.302157
-177.832299
-154.371310
175.580074
133.299849
-72.702702
-177.279977
177.259887
118.236019
-52.277332
-236.260290
148.896316
213.600530
-125.423948
-137.605022
92.876340
162.165122
-150.687942
-192.078489
206.694001
101.666850
-200.563653
-63.475896
187.395580
75.565299
-127.801962
-90.853913
188.413407
102.025097
-160.440771
-189.287352
91.696688
181.029978
-133.409368
-169.158161
156.019679
113.368771
-125.214552
-148.523816
132.727022
95.148917
-190.222858
-127.423704
100.401457
170.950942
-125.496721
-47.272401
211.154481
103.407982
-216.265410
-36.347597
80.227701
191.424182
-112.712932
-196.975253
195.514378
96.169920
-127.379582
-157.558119
123.486570
-10.742504
-126.103402
-147.375977
108.965831
167.950939
-200.331109
1.920727
104.925833
129.316894
-87.024583
-173.688654
68.959348
104.207652
-106.334537
-184.890700
186.391777
-50.042061
-139.783144
-92.907663
64.602351
4.672426
-213.100474
-83.853102
70.235120
108.400717
-123.274123
-158.220976
98.098914
126.414735
-89.960687
-25.740866
200.250066
35.341532
-10.902092
-101.072951
15.365954
171.491669
-201.216623
-118.672864
60.899663
93.534579
-44.965489
-133.151549
72.654742
96.968321
-246.549005
-98.607360
143.817079
85.246505
-115.806592
-74.798250
215.529215
108.383131
-142.549919
-116.763295
-2.754781
177.766796
-87.848564
-185.272414
116.362395
54.134587
-75.413946
-13.914833
151.009360
168.345947
-163.797688
4.120270
5.428151
200.290387
-118.291364
-126.718485
51.820951
165.469932
-18.872218
-169.605147
102.718232
151.194868
-18.358442
-12.481422
-45.552639
164.415123
-113.199780
44.901666
90.351449
-6.078984
17.579912
-53.263373
91.561108
94.254194
7.630549
-68.096277
105.313884
29.047524
-30.934023
-130.231653
-21.821661
137.600563
-178.716873
-44.961041
5.751169
159.659433
-47.226389
-135.368497
112.694384
124.945534
-81.284496
-45.199256
41.550291
148.173733
-75.908872
33.777711
-5.607896
139.378629
-85.457660
-6.892706
-58.613802
99.493463
-41.547123
-107.785530
60.627964
51.688538
-130.700888
24.941820
175.720142
79.710536
-176.210814
-160.510006
2.694136
202.701151
-84.675534
-171.199343
98.600958
3.427389
-86.949258
-72.362536
26.735574
103.355293
-205.054016
-44.669037
107.012958
34.382262
-52.833449
-2.287728
85.747931
209.557852
-142.891866
-36.687046
120.920365
55.073398
13.793702
-142.221301
31.893001
92.926617
-98.190040
31.917253
153.423054
97.896648
-96.849712
84.653491
106.355448
80.257631
-48.724381
-163.613320
0.746992
152.527382
-155.322305
-100.568479
-28.566031
120.488435
-67.565987
-21.958069
182.617868
91.698849
-88.205456
2.687315
190.244818
33.672189
-136.790063
-53.374062
40.631321
77.570422
-158.506059
-94.591202
71.688462
165.606200
-161.350702
-112.431422
116.360839
-65.256462
-74.308663
-149.986377
130.375691
89.477749
-152.347407
-106.139232
96.916172
73.587580
48.650622
-100.840684
71.269239
-61.516010
65.531405
-88.759723
155.110608
-10.418996
-44.165522
-104.122834
85.909403
86.684957
-125.033660
2.982982
29.727630
23.994364
-45.951280
-47.042545
39.851037
69.841268
-123.524850
-69.705517
26.094459
173.017229
-86.952358
-63.327548
175.841621
-39.301843
-8.668749
-14.526026
65.921153
66.939851
19.068688
-100.716485
1.308705
-13.025105
57.941840
-79.846468
39.370979
76.231964
-147.374472
29.092154
53.629874
39.955799
-81.093305
-23.399845
44.869462
2.581285
-98.575209
-16.090083
21.658783
90.196877
-64.685056
-58.828979
118.365222
-10.439498
-57.263864
6.866404
89.910780
96.731761
-62.987415
62.477731
-47.999043
114.694250
-125.327871
18.384380
65.247532
67.954798
22.759385
-53.254945
-78.470104
61.361593
16.082964
-156.695676
66.977859
90.115138
-70.727174
53.237432
118.832956
-11.857081
28.961062
-66.057684
74.339050
30.455536
-67.613958
65.864256
144.301428
3.280604
-27.843591
-21.957387
82.638017
-57.738640
-71.606134
-100.965613
67.345490
-14.716237
-52.426473
-28.523800
112.013844
58.716712
-64.008828
-17.671009
-42.611260
60.374590
-88.190931
21.093013
13.520505
-41.242903
-58.940490
-176.261631
67.525071
-24.895018
-11.266793
-8.981019
51.621741
-41.377298
-53.020549
-65.041304
80.963859
0.183464
-85.168349
-116.923695
53.771757
-36.412013
-37.667770
-20.569272
27.123317
19.600915
55.961493
-123.403948
-17.465307
22.250908
-69.817584
-6.290545
20.875929
-4.735079
-127.043003
-50.598918
-9.279703
129.263307
-64.453036
91.541986
147.289919
36.322024
-77.452759
79.402433
27.085514
85.401752
-108.589489
88.344633
-7.511660
72.361799
-96.273276
-67.945218
-21.506814
119.772414
-125.667105
-4.820156
101.054089
-91.655531
27.186455
-132.786489
103.330069
7.951583
-30.960317
23.658519
4.079882
107.070999
-74.911424
42.065929
-43.016094
73.879816
12.064910
-97.701932
-4.546344
119.329237
-3.269848
14.839006
114.733688
30.418474
111.319287
-40.995128
48.048315
23.316824
-117.173843
-52.921256
21.046740
127.947488
2.156778
-82.539034
21.007588
51.122800
10.739877
-137.578851
80.062683
-16.370151
-183.842682
61.227105
-51.850312
26.287694
-52.617662
-19.190829
-7.014549
-9.016445
-37.674077
-0.784170
-29.018566
-47.869078
-121.278998
5.010877
88.487791
21.508746
14.303139
-16.771253
107.564818
-56.432655
-112.184304
-53.065569
47.935033
47.722890
54.530134
-40.208949
118.347334
-79.642931
22.289644
-82.428816
-20.398110
39.527560
-106.945384
78.875794
18.655125
-17.370304
19.891243
-59.714147
2.156371
-31.642224
28.129026
-48.925776
4.965223
-24.059939
-33.235052
-18.797703
10.335605
-15.998350
67.963756
-111.538753
-53.101806
-32.721775
-16.565999
45.637223
56.270358
-35.970203
1.736035
-53.152708
135.441783
-37.005006
-41.761309
-7.796325
52.775112
6.989339
-12.800684
-39.314071
51.584615
115.872043
54.397737
-51.632372
-79.041365
66.774315
62.502997
-90.086828
144.036576
-22.232426
-67.567116
19.158098
49.229279
12.315989
-13.463354
-61.726795
62.537890
-28.052315
-5.384259
-26.740770
11.079391
-14.383472
-25.288260
20.570253
5.471473
45.826531
-4.205815
-56.396650
-64.427749
17.356908
-110.319022
44.638638
-49.354229
28.957616
-73.766791
69.672382
-150.534252
42.855157
15.183551
58.634750
-77.573981
84.419634
-7.517575
82.516677
60.617622
-48.243400
-34.242351
-8.604065
38.683476
26.556786
-0.596633
24.074759
42.863894
85.559685
2.231566
-2.118942
-54.855528
85.925066
-30.204177
14.988579
119.061327
-51.044444
41.910895
-7.979718
24.617001
-25.444501
-9.547118
43.054067
-44.546358
-18.925642
-59.548618
73.733964
-4.257326
-19.492631
-8.313634
-4.552754
-82.299405
58.910851
-10.857805
64.497855
50.472690
-53.428741
41.536408
109.318570
108.833311
-81.624076
-28.621879
15.993879
-52.955719
-50.958130
76.202265
-108.344335
-47.871591
3.945173
-48.414305
47.182345
-109.787412
77.407520
-25.973351
115.285638
59.787723
-66.514535
26.861628
-76.821570
35.603402
23.375613
-3.933514
34.450127
-123.507195
52.575395
75.825527
-101.701382
-52.469331
24.014869
30.103426
-25.302487
70.242239
-111.215247
-32.967511
73.857468
-101.184282
41.509433
-12.129719
21.898097
16.662268
-74.436685
40.481205
-57.211942
58.837122
-123.895174
-81.021177
87.689714
50.669192
-18.408084
-46.097372
21.070814
-46.516020
2.643235
-14.861849
-67.354453
0.066373
-39.391453
15.185373
54.506899
-47.157164
1.117778
19.748800
-27.090399
-27.711138
88.381759
-8.846039
43.087310
-45.378577
21.109619
-75.637361
-47.468124
-14.777665
3.787438
86.966634
-40.408223
-26.856900
-39.073185
-109.242108
8.839214
-117.532167
59.561908
116.384425
3.259675
-72.519391
64.978112
105.095165
1.854229
17.996646
-23.619100
-41.420761
78.316029
-55.183868
-89.296534
21.548487
99.066015
-131.624993
22.049393
-21.904958
87.935506
-27.543608
39.479870
31.402422
-28.501745
13.979591
-17.189618
-22.778885
-35.229295
30.349567
7.040092
-23.943057
64.739884
-56.912840
30.159716
47.840980
17.058779
76.267727
-85.535110
77.142327
-26.843203
25.460598
-61.089497
23.363322
79.602615
-58.939832
-3.713044
74.041418
14.263059
61.566087
-63.098649
43.731495
-14.685703
42.401042
3.942849
-6.943649
169.126123
-88.864566
30.124233
67.308714
-20.650959
-59.159315
-24.141011
84.479957
-31.747114
-40.320700
64.833534
-21.021872
97.408552
47.305951
-142.543383
109.266211
-22.632843
-15.668503
-116.097300
74.745876
-44.088326
-37.173017
1.430748
75.966314
-97.221724
-61.007348
123.823415
-48.424353
104.209557
-58.157474
-56.601128
19.452357
91.136360
42.756307
-53.829133
24.347502
-11.050911
-119.536454
-23.870632
142.885201
-0.023897
8.441901
-43.674023
101.614609
15.716983
33.286509
-64.155477
-24.149113
90.928001
-62.896886
-6.077319
5.774493
11.894538
-52.049697
-68.211657
99.675967
-122.913154
28.800098
-51.015924
3.795146
79.439416
-20.026012
-10.852298
132.180972
-60.818027
-123.240450
74.322981
31.232963
1.259231
25.264251
-62.553573
123.738961
-39.441519
-84.346961
-59.002057
130.917609
52.188858
-27.691607
-20.560916
137.491632
28.906860
-82.264412
21.179540
-6.071375
92.453326
-88.832409
86.103249
-1.068678
82.170349
19.832803
-137.022053
-29.316955
52.106091
33.782868
-105.861838
16.935488
40.265557
33.511889
-3.485551
22.908794
1.723932
-99.316708
2.234582
16.177515
41.440302
51.958374
-119.120584
81.440706
7.800637
-11.275024
-43.243246
60.756011
-8.456135
-65.104187
23.654235
-20.555296
144.397435
29.938445
-57.721656
46.021296
-1.813014
19.203124
-67.755338
36.367708
-17.869517
40.272547
-116.123230
60.159076
29.340622
-76.424892
14.657313
-33.321452
127.254172
44.191674
-107.696268
31.268589
49.201764
-73.515338
75.800746
31.696835
-75.283187
-77.672804
-85.025418
65.743163
46.582084
-80.195534
24.703880
-3.221610
28.221137
-98.668042
55.933098
19.492248
46.853818
-2.283119
-38.249498
3.132199
87.984779
-70.492380
-16.765763
12.546283
27.081431
-111.243402
-15.353833
63.287512
97.657581
-46.796727
-106.121213
86.388709
-17.559839
-32.108932
-22.436346
-13.187310
121.251464
-18.287884
71.939443
-36.108085
-32.313283
21.479617
-39.958053
70.666504
-30.266258
-7.521207
-29.758823
38.132910
23.548277
-131.531271
-35.693231
36.318026
124.274743
-8.304969
-99.699201
-21.233524
41.455660
-116.064354
5.542555
82.349534
-81.074073
-149.790048
-18.356426
159.056884
92.113844
-77.301849
-116.195062
102.826540
4.068071
-150.720231
-61.033634
-121.475787
140.894943
62.226268
-120.003542
14.480749
86.066721
-13.490936
-40.839912
-26.682445
87.042527
3.122436
-110.800764
-7.138237
62.204927
-213.776478
2.885258
94.104495
86.805137
-91.889720
102.701236
34.720583
50.064442
-27.771845
-97.078474
37.997490
17.447395
-60.481770
-32.614786
79.601610
17.472330
-19.496611
-78.862480
150.323319
-48.747531
-21.572251
-205.913288
2.043968
-24.743572
-10.368973
-34.267187
53.429411
-1.213477
-45.511002
-16.753684
71.512349
24.197652
84.235376
-137.071941
129.034770
25.652813
-162.364834
-69.232017
167.895972
-24.443726
-109.711325
-3.169445
180.329465
-87.756594
-69.594463
-89.124604
89.687313
163.694258
-44.426042
-85.747996
77.857808
-40.787053
-208.653746
-32.605618
11.028238
30.326352
-131.520481
1.281994
-41.375599
77.080043
-48.338058
-61.210842
-24.994042
141.450804
-10.584191
-74.681252
165.889911
139.649985
-65.091320
-61.875859
1.398159
104.095599
-113.968834
-158.883869
66.873574
-5.875717
-85.829823
-3.247643
-17.502319
73.034141
-48.297171
0.591354
14.438238
114.462818
25.055719
-119.863949
125.581652
46.900026
-116.307790
19.186223
131.664160
-55.835008
-151.469773
-41.395501
-19.189981
34.065500
-103.381917
-19.757761
6.699496
101.709355
-13.647725
-108.084600
97.329262
86.659972
-169.358221
-169.609419
144.074674
57.298450
-74.812893
-113.243631
-14.311380
71.741198
-57.607857
-12.679206
126.527808
-15.156409
-116.822001
-144.948471
34.652995
33.878960
-125.204439
51.342824
63.887338
105.291971
-78.568756
6.979292
37.063561
118.764113
-52.530773
-119.663822
127.060994
-39.862583
-38.954394
-183.708397
92.698653
-20.636137
-51.821023
-0.717073
132.514632
162.056901
-202.450273
-132.600012
46.218090
-4.659335
-147.921355
-100.811968
118.855603
-45.211126
-18.704452
-45.578630
142.110212
88.117617
-169.233056
-78.869601
162.231384
25.973815
-30.763159
-134.594087
176.983595
84.298078
-87.648271
-90.178073
124.030770
183.394302
-91.272553
69.999884
83.052129
61.316903
-96.699035
-40.772480
90.369646
-33.092843
-13.557672
-92.694893
28.541561
82.712044
-129.018284
-57.395554
-22.230431
53.400730
-46.026683
-169.472300
96.159499
-48.211980
-75.187797
-63.357631
174.508712
88.153110
-56.674169
-216.233705
-63.512177
113.057721
62.852947
-88.682654
81.310189
131.383333
-62.791040
-20.307138
28.855861
13.483110
-157.709161
29.101285
-6.731133
149.166553
-20.695886
-166.695756
173.282083
-11.969843
-45.255851
-112.818991
48.459237
133.296209
24.601265
-160.638144
64.622894
42.859636
-153.928304
-35.827881
62.476863
107.900891
-18.346812
-140.889380
168.010879
-26.499205
-63.667409
-154.391031
54.845399
112.380624
-46.889612
-115.333838
59.139156
197.886877
-163.229570
-2.667679
138.752980
52.523316
-81.798546
-127.037004
13.952542
217.719104
-200.796171
-23.624348
7.724198
124.118834
-107.760929
27.317613
18.071835
-7.051208
66.781022
-179.755277
51.933948
20.133174
6.795688
-172.381805
85.055834
108.217452
-66.753911
-149.964733
56.068517
-14.876890
-47.643896
-118.163010
94.309570
115.149516
-140.998993
-143.636272
100.602442
-9.060324
-86.226347
-61.114995
92.073399
171.448208
-164.737274
-134.176162
70.255977
107.167177
-186.453904
64.303489
178.381867
82.350735
-132.940917
42.439764
164.808013
110.013684
-64.999265
11.223730
-38.778145
155.524901
33.243079
-130.010954
107.802223
-44.023608
-25.344683
-81.428617
208.696966
80.788249
-154.589875
-93.157167
75.050843
123.437335
-55.629913
-156.619932
84.961396
130.374024
-86.829791
-164.876881
71.763657
89.789252
12.786163
-123.144244
169.183355
31.221933
-62.961287
-38.666353
76.637273
3.432194
-1.645836
-82.222849
98.974492
199.484899
-23.222068
-38.162326
-26.761552
127.571029
-129.638071
-113.929289
64.202193
101.304543
-102.513962
-106.265761
192.497758
56.348041
-64.647827
-157.805437
63.536253
102.080965
-117.356911
-101.419848
94.511320
49.949332
-66.126371
-49.257364
-37.878586
120.566732
-55.378665
-150.551406
57.986077
82.139693
-17.186654
-138.335493
77.231773
135.369698
-34.584559
-137.981699
143.939031
154.648942
-14.170046
-99.462372
53.278781
64.573148
-85.263379
-80.537657
184.761477
142.776565
-163.132234
-38.798392
143.759736
19.485887
-111.281370
-43.441017
125.733141
16.173430
-93.794109
40.290235
158.713597
45.730935
-50.933371
-62.902592
159.394057
-66.930229
-121.833527
17.155232
81.654858
-47.708449
-234.397226
-67.921166
95.163737
87.460933
-14.231898
-87.715820
81.471546
31.279950
28.831999
-138.361100
122.789913
93.253322
-168.492741
-12.883797
48.573202
169.743989
-202.555555
-74.172040
127.180067
144.357965
-226.844911
-110.758644
86.989320
82.804683
-94.880390
-117.059570
147.561845
-44.959745
-97.502222
-39.718448
181.159266
13.694262
-166.214808
-95.695459
147.937587
19.928161
-133.873586
-140.784639
107.791533
116.991277
-50.866900
-151.447601
94.069359
-2.254311
-72.728371
-8.290054
59.372462
74.300802
-134.569612
-96.523256
130.946944
96.753000
70.563463
-140.230906
101.216097
16.392613
-5.205573
-201.851435
124.865805
89.450891
-79.689047
27.207701
110.479161
80.736064
-113.415718
-35.604257
211.859257
122.188749
-74.294951
-99.252246
-7.151765
113.365364
-94.152922
-131.315165
146.628826
63.324957
-167.112368
-10.775684
141.437677
-19.582822
-124.836419
-118.403962
96.920233
139.619477
-29.571028
-52.951350
114.292869
94.216483
-34.972231
-145.998907
116.966294
80.874743
-134.638613
-45.158576
88.693552
6.605798
-96.543701
-11.242751
185.143058
25.981797
-21.308276
-118.558075
61.233946
85.759696
-39.075642
-96.625691
24.600357
146.099039
-35.576127
-113.715851
30.855596
224.243564
-110.840205
-151.520000
95.664775
18.846544
-28.293601
-175.891216
-30.107165
153.022535
-37.523414
-31.914522
1.035762
120.010163
-188.239204
-123.629627
-12.306365
82.337786
-14.070756
-65.460152
162.921860
46.889898
-25.026602
-151.960748
-26.073919
107.752287
-84.128515
-40.868779
15.688651
146.897658
30.952907
-128.659725
87.667833
128.732305
17.433372
-169.336797
201.754203
119.467535
-77.866306
-87.016754
2.363798
142.892197
-35.309640
-141.971674
114.148891
31.207442
-81.946203
-85.776807
109.294809
143.633726
-156.497541
-74.143995
87.956471
31.835558
-58.268313
-29.302025
55.205716
109.080702
-18.498342
-81.540374
143.707577
-78.679073
-78.347407
-110.392312
33.797132
98.217080
-46.473894
-206.330086
17.148693
65.111067
-120.108448
28.876630
45.594820
100.884263
-83.307626
-108.690954
123.924996
31.803794
-63.507827
30.660761
1.407754
104.302427
-45.924783
24.707186
79.248637
-48.122311
-144.190254
-146.566645
102.214033
215.370742
-132.705530
-139.313459
170.710458
81.206267
-131.657515
-86.729829
70.630521
207.375467
-49.014654
-209.410642
129.092489
86.345983
-76.101192
-96.936395
122.261730
-7.014574
-110.807782
-101.158632
39.541227
191.488698
-24.606927
-81.363332
52.919644
117.878163
-96.869312
-118.880076
36.969178
93.570929
-90.246660
-88.638588
34.213994
126.346188
-215.243170
-112.399239
101.762116
92.988159
-47.940876
-60.867859
29.657292
25.290890
-166.559388
-74.412748
9.941172
111.659989
5.534534
-89.475867
24.835092
0.021022
-93.496446
-20.322780
200.898278
59.626780
18.012065
-156.103944
137.742817
176.384014
-104.686751
-89.418200
90.527054
157.606801
-38.323751
-105.407267
199.215968
37.737104
-55.125520
-97.302871
24.498047
111.400787
-156.000697
-66.591435
50.532027
91.915935
0.007569
-131.199241
50.660752
173.689964
-8.430717
-114.679334
-53.419107
148.369701
-172.140350
-106.213209
12.970263
-15.175732
-186.072478
12.866807
122.352619
90.476006
52.250840
-163.968192
63.812656
178.496225
-26.443501
-93.442051
31.815859
73.913912
-118.158320
-69.067272
-19.293492
170.278553
-134.261342
-43.775566
110.828359
92.230209
-148.775693
-158.686321
131.146942
65.967100
-112.892171
-63.195853
132.157060
192.436950
-119.725661
-19.782511
41.112916
123.123989
-92.827021
-141.062345
70.030440
134.474708
-3.465828
-143.876076
-39.014801
8.408225
-67.219739
-22.930667
-73.950010
115.822868
-166.967207
-46.105129
159.551293
138.471856
-86.914061
-139.872025
111.355982
-26.509315
-147.529105
-194.426785
202.789187
-34.712213
-69.981715
-61.918196
42.548828
46.263885
-96.069580
-77.966985
91.391693
198.385016
-210.430990
-60.842698
41.805036
56.219169
-23.260505
-84.988043
37.689220
130.149654
-215.788417
-85.513962
180.942245
17.809911
-140.470642
-110.946078
98.268432
91.105502
-109.482310
68.607915
157.104510
103.961223
-176.954562
-37.194569
63.014132
68.157610
-84.647115
7.759730
149.630274
66.409073
-6.537114
-185.025797
167.304431
35.268217
57.311772
-87.484969
44.816539
173.778621
-102.504792
-134.149089
-41.676984
140.524503
-80.448563
-60.112469
85.977287
149.878263
-216.849457
4.632539
147.637165
102.675629
-119.607202
-8.415861
-43.405239
163.729813
-172.225084
-144.406247
89.421898
147.924272
-153.557831
-61.668370
55.568982
56.288397
-50.641711
-169.541350
128.257905
-41.096641
-118.302763
-140.580535
127.063538
85.500388
-144.040772
-64.126975
41.719190
61.170609
124.333368
-139.269247
14.158968
70.981044
-74.872570
3.078617
93.227324
75.844275
-146.011650
-37.294860
25.140180
201.669036
-79.649395
-68.804013
16.140163
42.459229
-156.861136
-127.107642
111.885189
107.472504
-123.013017
26.579604
143.562498
-7.576323
-51.353051
-21.226364
68.198173
198.191481
2.903585
-159.858947
124.450276
175.725264
-83.939005
-71.481246
126.857113
68.192598
-66.719669
-81.046617
-14.781075
119.283800
-58.129805
-59.367435
121.552516
126.342506
-81.845242
3.354879
77.122754
171.438590
-175.432853
-98.065726
-24.383774
149.787018
30.243474
-137.874768
122.032042
69.935112
-83.209182
-7.352710
109.319121
42.468950
-42.623684
-143.709057
132.645022
187.700220
-94.009050
8.694427
29.445370
182.193479
-58.102745
-9.861037
164.571063
59.633756
-109.348601
-101.881078
107.757633
-36.642830
-145.367864
-14.421066
110.173241
184.656844
-19.026377
-113.877602
75.271847
-23.775261
-68.116611
22.320423
175.529380
-4.051327
-91.628552
-56.175895
65.258320
165.494578
-41.236031
-54.412493
7.849140
80.190338
-39.312534
-63.395153
56.079781
171.873376
-111.648838
-82.755991
196.735719
108.145658
-4.901772
-147.045808
209.083311
13.923335
-75.351336
-175.664340
62.890254
17.078491
